############### GRAFO CARGADO #################
     1     2     3     4     5     6     7     8     9     10     11     12     13     14     15     16     17     18     19     20     21     22     23     24     25     26     27     28     29     30     31     32     33     34     35     36     37     38
1    999999999999    290.99    794.0    628.71    850.05    806.3    881.98    972.87    991.28    437.07    1237.92    1186.97    903.39    507.79    903.18    1178.84    1197.22    1201.22    1205.38    901.74    760.41    1032.29    943.22    1105.64    998.6    1011.26    1527.09    1338.98    1058.82    1205.64    1793.63    1337.94    1714.41    1740.6    1498.45    1852.35    1624.75    1858.09    
2    290.99    999999999999    512.54    341.89    564.41    515.31    591.03    682.88    701.26    457.16    946.94    896.44    622.35    483.51    624.62    891.18    909.79    914.28    918.59    660.67    811.12    779.03    717.72    847.67    774.51    792.03    1253.14    1082.89    966.32    1045.98    1533.67    1192.87    1472.37    1496.33    1308.44    1598.95    1412.89    1649.19    
3    794.0    512.54    999999999999    174.79    68.97    167.35    182.24    299.64    312.28    882.96    492.02    463.57    370.98    866.29    391.36    503.1    521.81    530.94    536.25    591.75    1200.51    621.89    678.53    651.95    721.37    748.33    923.17    851.36    1154.17    1095.09    1245.58    1251.35    1252.08    1266.85    1251.66    1331.29    1288.37    1514.2    
4    628.71    341.89    174.79    999999999999    222.54    199.76    266.3    376.01    393.28    713.58    620.56    577.99    375.43    702.7    388.58    592.45    611.69    618.53    623.45    535.35    1040.03    603.94    617.42    652.51    668.08    693.06    992.85    875.33    1040.07    1021.02    1301.13    1177.73    1279.47    1298.18    1216.95    1379.17    1279.0    1511.84    
5    850.05    564.41    68.97    222.54    999999999999    139.41    127.0    238.63    249.7    912.47    423.33    394.71    329.11    889.64    351.0    436.38    454.91    464.3    469.63    564.02    1219.61    580.09    650.91    603.93    690.18    717.49    857.66    795.15    1144.53    1068.25    1181.62    1223.5    1193.53    1207.41    1209.97    1268.51    1238.91    1462.21    
6    806.3    515.31    167.35    199.76    139.41    999999999999    77.18    176.35    193.82    808.47    431.65    383.21    205.56    776.96    225.01    392.72    411.96    418.77    423.69    426.93    1099.88    455.28    513.88    488.77    555.17    582.28    796.32    697.3    1005.75    931.16    1109.61    1086.93    1100.87    1117.49    1084.61    1190.81    1124.96    1352.83    
7    881.98    591.03    182.24    266.3    127.0    77.18    999999999999    119.26    133.88    881.57    356.78    311.72    206.55    847.27    229.3    331.83    351.0    358.97    364.12    451.17    1166.13    455.59    537.22    477.13    572.81    600.26    746.0    669.79    1047.94    953.13    1065.57    1107.1    1069.9    1084.61    1084.64    1150.16    1111.91    1335.44    
8    972.87    682.88    299.64    376.01    238.63    176.35    119.26    999999999999    18.42    926.36    273.09    215.21    154.47    882.05    176.44    216.45    235.7    242.77    247.77    403.77    1185.59    374.67    484.62    381.65    510.74    537.89    626.84    558.03    1016.04    890.41    946.54    1040.57    954.98    968.79    994.03    1031.69    1008.83    1228.37    
9    991.28    701.26    312.28    393.28    249.7    193.82    133.88    18.42    999999999999    943.17    255.23    196.85    165.2    898.16    186.38    199.47    218.72    226.09    231.15    411.66    1200.21    376.31    491.24    379.5    515.58    542.57    612.34    549.77    1024.74    894.27    933.32    1043.55    944.93    958.25    991.89    1019.21    1003.26    1221.41    
10    437.07    457.16    882.96    713.58    912.47    808.47    881.57    926.36    943.17    999999999999    1195.77    1130.99    800.68    88.06    789.19    1087.38    1102.36    1102.03    1104.67    678.1    354.82    819.28    681.09    897.03    726.45    728.68    1340.32    1106.65    635.24    826.02    1551.07    940.18    1431.77    1461.82    1140.67    1591.02    1292.19    1515.03    
11    1237.92    946.94    492.02    620.56    423.33    431.65    356.78    273.09    255.23    1195.77    999999999999    69.96    399.71    1147.49    415.35    158.8    159.69    169.98    172.78    610.84    1439.38    525.58    675.71    490.67    682.82    706.82    503.36    559.88    1214.25    1036.75    832.2    1172.7    899.9    904.46    1060.3    929.18    1024.83    1216.42    
12    1186.97    896.44    463.57    577.99    394.71    383.21    311.72    215.21    196.85    1130.99    69.96    999999999999    332.41    1081.14    347.22    97.94    104.62    116.24    120.35    540.91    1370.59    457.69    606.29    426.04    614.42    638.73    488.55    513.43    1145.2    971.83    818.88    1109.81    870.82    877.78    1006.77    913.1    980.5    1179.01    
13    903.39    622.35    370.98    375.43    329.11    205.56    206.55    154.47    165.2    800.68    399.71    332.41    999999999999    748.94    23.35    289.11    305.46    306.88    310.26    252.16    1041.14    251.39    335.79    283.73    367.73    395.19    633.3    500.08    862.3    748.69    929.92    901.75    904.38    922.8    881.54    1005.3    919.49    1148.03    
14    507.79    483.51    866.29    702.7    889.64    776.96    847.27    882.05    898.16    88.06    1147.49    1081.14    748.94    999999999999    735.64    1031.91    1046.09    1045.02    1047.37    607.31    338.89    747.54    603.87    824.85    647.07    647.84    1267.38    1029.09    554.17    738.13    1470.34    853.7    1347.44    1377.76    1052.62    1508.28    1204.74    1427.12    
15    903.18    624.62    391.36    388.58    351.0    225.01    229.3    176.44    186.38    789.19    415.35    347.22    23.35    735.64    999999999999    298.48    314.06    314.64    317.72    229.01    1024.3    230.53    312.46    266.47    344.48    371.95    628.96    487.0    839.78    725.42    921.19    878.58    890.94    909.96    860.52    995.03    901.04    1130.44    
16    1178.84    891.18    503.1    592.45    436.38    392.72    331.83    216.45    199.47    1087.38    158.8    97.94    289.11    1031.91    298.48    999999999999    19.25    27.98    33.34    466.01    1308.77    369.91    524.68    331.96    527.82    551.08    422.62    418.48    1060.52    878.01    750.15    1014.1    786.64    795.62    908.96    840.88    885.67    1087.89    
17    1197.22    909.79    521.81    611.69    454.91    411.96    351.0    235.7    218.72    1102.36    159.69    104.62    305.46    1046.09    314.06    19.25    999999999999    11.83    16.67    475.58    1320.55    375.16    531.98    333.62    533.18    555.92    404.9    408.94    1066.11    879.06    733.02    1013.52    772.53    780.98    903.11    824.3    876.1    1076.27    
18    1201.22    914.28    530.94    618.53    464.3    418.77    358.97    242.77    226.09    1102.03    169.98    116.24    306.88    1045.02    314.64    27.98    11.83    999999999999    5.36    471.18    1317.5    368.33    526.16    325.11    526.29    548.76    394.68    397.24    1059.21    870.09    722.39    1003.92    760.88    769.43    891.97    813.38    864.37    1064.44    
19    1205.38    918.59    536.25    623.45    469.63    423.69    364.12    247.77    231.15    1104.67    172.78    120.35    310.26    1047.37    317.72    33.34    16.67    5.36    999999999999    472.1    1318.98    368.01    526.36    323.8    525.91    548.21    389.31    393.09    1058.79    868.42    717.04    1001.8    755.86    764.34    888.57    808.06    860.16    1059.83    
20    901.74    660.67    591.75    535.35    564.02    426.93    451.17    403.77    411.66    678.1    610.84    540.91    252.16    607.31    229.01    466.01    475.58    471.18    472.1    999999999999    850.93    141.4    86.96    219.29    132.87    158.55    662.52    441.62    613.56    504.31    896.15    660.0    814.39    839.72    682.67    951.08    760.37    996.57    
21    760.41    811.12    1200.51    1040.03    1219.61    1099.88    1166.13    1185.59    1200.21    354.82    1439.38    1370.59    1041.14    338.89    1024.3    1308.77    1320.55    1317.5    1318.98    850.93    999999999999    978.97    817.65    1050.63    844.3    834.8    1475.31    1217.48    496.49    774.21    1623.23    835.42    1467.22    1500.01    1094.39    1641.91    1273.04    1468.55    
22    1032.29    779.03    621.89    603.94    580.09    455.28    455.59    374.67    376.31    819.28    525.58    457.69    251.39    747.54    230.53    369.91    375.16    368.33    368.01    141.4    978.97    999999999999    163.63    77.89    158.02    181.29    521.15    306.7    690.95    521.73    761.52    668.23    694.7    717.8    630.15    821.35    675.44    907.9    
23    943.22    717.72    678.53    617.42    650.91    513.88    537.22    484.62    491.24    681.09    675.71    606.29    335.79    603.87    312.46    524.68    531.98    526.16    526.36    86.96    817.65    163.63    999999999999    232.98    56.8    77.15    667.07    425.58    539.69    417.37    872.93    573.06    772.88    800.2    605.43    919.85    695.45    931.9    
24    1105.64    847.67    651.95    652.51    603.93    488.77    477.13    381.65    379.5    897.03    490.67    426.04    283.73    824.85    266.47    331.96    333.62    325.11    323.8    219.29    1050.63    77.89    232.98    999999999999    214.14    232.23    443.32    235.22    741.03    546.1    688.2    684.43    632.05    653.46    612.46    751.28    636.49    864.31    
25    998.6    774.51    721.37    668.08    690.18    555.17    572.81    510.74    515.58    726.45    682.82    614.42    367.73    647.07    344.48    527.82    533.18    526.29    525.91    132.87    844.3    158.02    56.8    214.14    999999999999    27.47    632.69    383.2    532.94    381.01    824.92    534.3    719.18    746.99    551.3    868.93    638.69    875.15    
26    1011.26    792.03    748.33    693.06    717.49    582.28    600.26    537.89    542.57    728.68    706.82    638.73    395.19    647.84    371.95    551.08    555.92    548.76    548.21    158.55    834.8    181.29    77.15    232.23    27.47    999999999999    640.61    386.7    510.79    353.58    822.57    506.84    710.51    738.98    528.28    863.6    620.91    857.16    
27    1527.09    1253.14    923.17    992.85    857.66    796.32    746.0    626.84    612.34    1340.32    503.36    488.55    633.3    1267.38    628.96    422.62    404.9    394.68    389.31    662.52    1475.31    521.15    667.07    443.32    632.69    640.61    999999999999    264.63    1099.14    834.15    330.35    921.07    415.06    412.92    709.44    425.91    605.27    752.12    
28    1338.98    1082.89    851.36    875.33    795.15    697.3    669.79    558.03    549.77    1106.65    559.88    513.43    500.08    1029.09    487.0    418.48    408.94    397.24    393.09    441.62    1217.48    306.7    425.58    235.22    383.2    386.7    264.63    999999999999    834.92    576.27    455.04    676.96    404.34    422.97    508.75    516.06    467.22    674.01    
29    1058.82    966.32    1154.17    1040.07    1144.53    1005.75    1047.94    1016.04    1024.74    635.24    1214.25    1145.2    862.3    554.17    839.78    1060.52    1066.11    1059.21    1058.79    613.56    496.49    690.95    539.69    741.03    532.94    510.79    1099.14    834.92    999999999999    296.3    1182.31    339.03    1005.84    1039.37    604.12    1185.54    788.68    974.23    
30    1205.64    1045.98    1095.09    1021.02    1068.25    931.16    953.13    890.41    894.27    826.02    1036.75    971.83    748.69    738.13    725.42    878.01    879.06    870.09    868.42    504.31    774.21    521.73    417.37    546.1    381.01    353.58    834.15    576.27    296.3    999999999999    888.76    156.9    709.57    743.11    323.39    889.44    498.87    701.02    
31    1793.63    1533.67    1245.58    1301.13    1181.62    1109.61    1065.57    946.54    933.32    1551.07    832.2    818.88    929.92    1470.34    921.19    750.15    733.02    722.39    717.04    896.15    1623.23    761.52    872.93    688.2    824.92    822.57    330.35    455.04    1182.31    888.76    999999999999    922.31    210.74    183.09    649.86    101.88    479.32    523.73    
32    1337.94    1192.87    1251.35    1177.73    1223.5    1086.93    1107.1    1040.57    1043.55    940.18    1172.7    1109.81    901.75    853.7    878.58    1014.1    1013.52    1003.92    1001.8    660.0    835.42    668.23    573.06    684.43    534.3    506.84    921.07    676.96    339.03    156.9    922.31    999999999999    725.21    758.48    287.42    905.55    477.97    640.8    
33    1714.41    1472.37    1252.08    1279.47    1193.53    1100.87    1069.9    954.98    944.93    1431.77    899.9    870.82    904.38    1347.44    890.94    786.64    772.53    760.88    755.86    814.39    1467.22    694.7    772.88    632.05    719.18    710.51    415.06    404.34    1005.84    709.57    210.74    725.21    999999999999    33.62    445.32    180.98    269.01    342.24    
34    1740.6    1496.33    1266.85    1298.18    1207.41    1117.49    1084.61    968.79    958.25    1461.82    904.46    877.78    922.8    1377.76    909.96    795.62    780.98    769.43    764.34    839.72    1500.01    717.8    800.2    653.46    746.99    738.98    412.92    422.97    1039.37    743.11    183.09    758.48    33.62    999999999999    477.87    147.41    299.35    354.85    
35    1498.45    1308.44    1251.66    1216.95    1209.97    1084.61    1084.64    994.03    991.89    1140.67    1060.3    1006.77    881.54    1052.62    860.52    908.96    903.11    891.97    888.57    682.67    1094.39    630.15    605.43    612.46    551.3    528.28    709.44    508.75    604.12    323.39    649.86    287.42    445.32    477.87    999999999999    623.49    190.55    377.78    
36    1852.35    1598.95    1331.29    1379.17    1268.51    1190.81    1150.16    1031.69    1019.21    1591.02    929.18    913.1    1005.3    1508.28    995.03    840.88    824.3    813.38    808.06    951.08    1641.91    821.35    919.85    751.28    868.93    863.6    425.91    516.06    1185.54    889.44    101.88    905.55    180.98    147.41    623.49    999999999999    440.56    444.23    
37    1624.75    1412.89    1288.37    1279.0    1238.91    1124.96    1111.91    1008.83    1003.26    1292.19    1024.83    980.5    919.49    1204.74    901.04    885.67    876.1    864.37    860.16    760.37    1273.04    675.44    695.45    636.49    638.69    620.91    605.27    467.22    788.68    498.87    479.32    477.97    269.01    299.35    190.55    440.56    999999999999    236.49    
38    1858.09    1649.19    1514.2    1511.84    1462.21    1352.83    1335.44    1228.37    1221.41    1515.03    1216.42    1179.01    1148.03    1427.12    1130.44    1087.89    1076.27    1064.44    1059.83    996.57    1468.55    907.9    931.9    864.31    875.15    857.16    752.12    674.01    974.23    701.02    523.73    640.8    342.24    354.85    377.78    444.23    236.49    999999999999    

################ SOLUCION INICIAL #################
Vertices:        [1, 2, 4, 3, 5, 7, 6, 8, 9, 13, 15, 20, 23, 25, 26, 22, 24, 28, 27, 31, 36, 34, 33, 37, 35, 32, 30, 29, 21, 14, 10, 16, 17, 18, 19, 12, 11, 38]
Aristas:         [(1,2,290.99), (2,4,341.89), (4,3,174.79), (3,5,68.97), (5,7,127.0), (7,6,77.18), (6,8,176.35), (8,9,18.42), (9,13,165.2), (13,15,23.35), (15,20,229.01), (20,23,86.96), (23,25,56.8), (25,26,27.47), (26,22,181.29), (22,24,77.89), (24,28,235.22), (28,27,264.63), (27,31,330.35), (31,36,101.88), (36,34,147.41), (34,33,33.62), (33,37,269.01), (37,35,190.55), (35,32,287.42), (32,30,156.9), (30,29,296.3), (29,21,496.49), (21,14,338.89), (14,10,88.06), (10,16,1087.38), (16,17,19.25), (17,18,11.83), (18,19,5.36), (19,12,120.35), (12,11,69.96), (11,38,1216.42)]
Costo asociado:  9748.93
################################ 34 ####################################
Vertices:        [1, 2, 4, 3, 5, 7, 6, 8, 9, 13, 15, 20, 23, 25, 26, 38, 24, 28, 27, 31, 36, 34, 33, 37, 35, 32, 30, 29, 21, 14, 10, 16, 17, 18, 19, 12, 11, 22]
Aristas:         [(1,2,290.99), (2,4,341.89), (4,3,174.79), (3,5,68.97), (5,7,127.0), (7,6,77.18), (6,8,176.35), (8,9,18.42), (9,13,165.2), (13,15,23.35), (15,20,229.01), (20,23,86.96), (23,25,56.8), (25,26,27.47), (26,38,857.16), (38,24,864.31), (24,28,235.22), (28,27,264.63), (27,31,330.35), (31,36,101.88), (36,34,147.41), (34,33,33.62), (33,37,269.01), (37,35,190.55), (35,32,287.42), (32,30,156.9), (30,29,296.3), (29,21,496.49), (21,14,338.89), (14,10,88.06), (10,16,1087.38), (16,17,19.25), (17,18,11.83), (18,19,5.36), (19,12,120.35), (12,11,69.96), (11,22,525.58)]
Costo asociado:  9694.580000000002
-+-+-+-+-+-+-+-+-+-+-+-+ Lista TABÚ +-+-+-+-+-+-+-+-+-+-+-+-+
Lista Tabu: [(27,1), (30,1), (12,1), (27,1), (15,1), (5,1), (16,2), (34,2), (8,2), (6,2), (14,2), (4,2), (3,3), (37,3), (7,3), (7,3), (3,3), (7,3)]
################################ 346 ####################################
Vertices:        [1, 2, 4, 3, 5, 7, 6, 8, 9, 13, 15, 20, 23, 25, 26, 38, 24, 28, 27, 31, 36, 34, 33, 37, 35, 32, 30, 29, 21, 14, 10, 22, 17, 18, 19, 12, 11, 16]
Aristas:         [(1,2,290.99), (2,4,341.89), (4,3,174.79), (3,5,68.97), (5,7,127.0), (7,6,77.18), (6,8,176.35), (8,9,18.42), (9,13,165.2), (13,15,23.35), (15,20,229.01), (20,23,86.96), (23,25,56.8), (25,26,27.47), (26,38,857.16), (38,24,864.31), (24,28,235.22), (28,27,264.63), (27,31,330.35), (31,36,101.88), (36,34,147.41), (34,33,33.62), (33,37,269.01), (37,35,190.55), (35,32,287.42), (32,30,156.9), (30,29,296.3), (29,21,496.49), (21,14,338.89), (14,10,88.06), (10,22,819.28), (22,17,375.16), (17,18,11.83), (18,19,5.36), (19,12,120.35), (12,11,69.96), (11,16,158.8)]
Costo asociado:  9562.16
-+-+-+-+-+-+-+-+-+-+-+-+ Lista TABÚ +-+-+-+-+-+-+-+-+-+-+-+-+
Lista Tabu: [(27,1), (26,1), (8,1), (7,1), (8,1), (2,1), (37,2), (19,2), (31,2), (19,2), (9,2), (12,2), (10,3), (3,3), (35,3), (4,3), (4,3), (13,3)]
################################ 426 ####################################
Vertices:        [1, 2, 4, 3, 5, 6, 7, 8, 9, 13, 15, 20, 23, 25, 26, 38, 24, 28, 27, 31, 36, 34, 33, 37, 35, 32, 30, 29, 21, 14, 10, 22, 17, 18, 19, 12, 11, 16]
Aristas:         [(1,2,290.99), (2,4,341.89), (4,3,174.79), (3,5,68.97), (5,6,139.41), (6,7,77.18), (7,8,119.26), (8,9,18.42), (9,13,165.2), (13,15,23.35), (15,20,229.01), (20,23,86.96), (23,25,56.8), (25,26,27.47), (26,38,857.16), (38,24,864.31), (24,28,235.22), (28,27,264.63), (27,31,330.35), (31,36,101.88), (36,34,147.41), (34,33,33.62), (33,37,269.01), (37,35,190.55), (35,32,287.42), (32,30,156.9), (30,29,296.3), (29,21,496.49), (21,14,338.89), (14,10,88.06), (10,22,819.28), (22,17,375.16), (17,18,11.83), (18,19,5.36), (19,12,120.35), (12,11,69.96), (11,16,158.8)]
Costo asociado:  9517.48
-+-+-+-+-+-+-+-+-+-+-+-+ Lista TABÚ +-+-+-+-+-+-+-+-+-+-+-+-+
Lista Tabu: [(14,1), (38,1), (37,1), (5,1), (20,1), (18,1), (11,2), (35,2), (21,2), (4,2), (26,2), (9,2), (29,3), (27,3), (13,3), (13,3), (8,3), (3,3)]
################################ 431 ####################################
Vertices:        [1, 2, 4, 3, 5, 6, 7, 8, 9, 13, 15, 20, 23, 25, 26, 24, 38, 28, 27, 31, 36, 34, 33, 37, 35, 32, 30, 29, 21, 14, 10, 22, 17, 18, 19, 12, 11, 16]
Aristas:         [(1,2,290.99), (2,4,341.89), (4,3,174.79), (3,5,68.97), (5,6,139.41), (6,7,77.18), (7,8,119.26), (8,9,18.42), (9,13,165.2), (13,15,23.35), (15,20,229.01), (20,23,86.96), (23,25,56.8), (25,26,27.47), (26,24,232.23), (24,38,864.31), (38,28,674.01), (28,27,264.63), (27,31,330.35), (31,36,101.88), (36,34,147.41), (34,33,33.62), (33,37,269.01), (37,35,190.55), (35,32,287.42), (32,30,156.9), (30,29,296.3), (29,21,496.49), (21,14,338.89), (14,10,88.06), (10,22,819.28), (22,17,375.16), (17,18,11.83), (18,19,5.36), (19,12,120.35), (12,11,69.96), (11,16,158.8)]
Costo asociado:  9331.34
-+-+-+-+-+-+-+-+-+-+-+-+ Lista TABÚ +-+-+-+-+-+-+-+-+-+-+-+-+
Lista Tabu: [(16,1), (17,1), (6,1), (10,1), (7,1), (7,1), (26,1), (23,1), (4,1), (11,1), (19,1), (4,1), (35,2), (9,2), (31,2), (12,2), (8,2), (9,2), (3,3), (30,3), (32,3), (21,3), (18,3), (27,3)]
################################ 1310 ####################################
Vertices:        [1, 2, 4, 3, 5, 6, 7, 8, 9, 13, 15, 20, 23, 25, 26, 24, 38, 28, 27, 31, 36, 34, 33, 37, 35, 32, 30, 29, 21, 10, 14, 22, 17, 18, 19, 12, 11, 16]
Aristas:         [(1,2,290.99), (2,4,341.89), (4,3,174.79), (3,5,68.97), (5,6,139.41), (6,7,77.18), (7,8,119.26), (8,9,18.42), (9,13,165.2), (13,15,23.35), (15,20,229.01), (20,23,86.96), (23,25,56.8), (25,26,27.47), (26,24,232.23), (24,38,864.31), (38,28,674.01), (28,27,264.63), (27,31,330.35), (31,36,101.88), (36,34,147.41), (34,33,33.62), (33,37,269.01), (37,35,190.55), (35,32,287.42), (32,30,156.9), (30,29,296.3), (29,21,496.49), (21,10,354.82), (10,14,88.06), (14,22,747.54), (22,17,375.16), (17,18,11.83), (18,19,5.36), (19,12,120.35), (12,11,69.96), (11,16,158.8)]
Costo asociado:  9275.53
-+-+-+-+-+-+-+-+-+-+-+-+ Lista TABÚ +-+-+-+-+-+-+-+-+-+-+-+-+
Lista Tabu: [(21,1), (20,1), (32,1), (13,1), (13,1), (15,1), (36,2), (18,2), (6,2), (23,2), (5,2), (4,2), (29,3), (17,3), (19,3), (8,3), (3,3), (3,3)]
################################ 1527 ####################################
Vertices:        [1, 2, 4, 3, 5, 6, 7, 8, 9, 13, 15, 20, 23, 25, 26, 24, 38, 28, 27, 31, 36, 34, 33, 37, 35, 32, 30, 29, 21, 10, 14, 22, 17, 18, 19, 11, 12, 16]
Aristas:         [(1,2,290.99), (2,4,341.89), (4,3,174.79), (3,5,68.97), (5,6,139.41), (6,7,77.18), (7,8,119.26), (8,9,18.42), (9,13,165.2), (13,15,23.35), (15,20,229.01), (20,23,86.96), (23,25,56.8), (25,26,27.47), (26,24,232.23), (24,38,864.31), (38,28,674.01), (28,27,264.63), (27,31,330.35), (31,36,101.88), (36,34,147.41), (34,33,33.62), (33,37,269.01), (37,35,190.55), (35,32,287.42), (32,30,156.9), (30,29,296.3), (29,21,496.49), (21,10,354.82), (10,14,88.06), (14,22,747.54), (22,17,375.16), (17,18,11.83), (18,19,5.36), (19,11,172.78), (11,12,69.96), (12,16,97.94)]
Costo asociado:  9267.099999999999
-+-+-+-+-+-+-+-+-+-+-+-+ Lista TABÚ +-+-+-+-+-+-+-+-+-+-+-+-+
Lista Tabu: [(10,1), (15,1), (22,1), (6,1), (6,1), (16,1), (29,2), (13,2), (5,2), (9,2), (2,2), (3,2), (20,3), (24,3), (25,3), (4,3), (8,3), (8,3)]
################################ 1935 ####################################
Vertices:        [1, 2, 4, 3, 5, 6, 7, 8, 9, 13, 15, 20, 23, 25, 26, 24, 38, 28, 27, 31, 36, 34, 33, 37, 35, 32, 30, 29, 21, 10, 14, 22, 17, 18, 19, 16, 12, 11]
Aristas:         [(1,2,290.99), (2,4,341.89), (4,3,174.79), (3,5,68.97), (5,6,139.41), (6,7,77.18), (7,8,119.26), (8,9,18.42), (9,13,165.2), (13,15,23.35), (15,20,229.01), (20,23,86.96), (23,25,56.8), (25,26,27.47), (26,24,232.23), (24,38,864.31), (38,28,674.01), (28,27,264.63), (27,31,330.35), (31,36,101.88), (36,34,147.41), (34,33,33.62), (33,37,269.01), (37,35,190.55), (35,32,287.42), (32,30,156.9), (30,29,296.3), (29,21,496.49), (21,10,354.82), (10,14,88.06), (14,22,747.54), (22,17,375.16), (17,18,11.83), (18,19,5.36), (19,16,33.34), (16,12,97.94), (12,11,69.96)]
Costo asociado:  9186.74
-+-+-+-+-+-+-+-+-+-+-+-+ Lista TABÚ +-+-+-+-+-+-+-+-+-+-+-+-+
Lista Tabu: [(7,1), (34,1), (24,1), (2,1), (14,1), (14,1), (28,2), (30,2), (31,2), (10,2), (10,2), (10,2), (36,3), (23,3), (13,3), (25,3), (18,3), (6,3)]
################################ 2547 ####################################
Vertices:        [1, 2, 4, 3, 5, 6, 7, 8, 9, 13, 15, 20, 23, 25, 26, 24, 27, 28, 38, 31, 36, 34, 33, 37, 35, 32, 30, 29, 21, 10, 14, 22, 17, 18, 19, 16, 12, 11]
Aristas:         [(1,2,290.99), (2,4,341.89), (4,3,174.79), (3,5,68.97), (5,6,139.41), (6,7,77.18), (7,8,119.26), (8,9,18.42), (9,13,165.2), (13,15,23.35), (15,20,229.01), (20,23,86.96), (23,25,56.8), (25,26,27.47), (26,24,232.23), (24,27,443.32), (27,28,264.63), (28,38,674.01), (38,31,523.73), (31,36,101.88), (36,34,147.41), (34,33,33.62), (33,37,269.01), (37,35,190.55), (35,32,287.42), (32,30,156.9), (30,29,296.3), (29,21,496.49), (21,10,354.82), (10,14,88.06), (14,22,747.54), (22,17,375.16), (17,18,11.83), (18,19,5.36), (19,16,33.34), (16,12,97.94), (12,11,69.96)]
Costo asociado:  8959.130000000001
-+-+-+-+-+-+-+-+-+-+-+-+ Lista TABÚ +-+-+-+-+-+-+-+-+-+-+-+-+
Lista Tabu: [(33,1), (10,1), (37,1), (12,1), (2,1), (21,1), (35,2), (14,2), (3,2), (17,2), (4,2), (4,2), (22,3), (32,3), (20,3), (8,3), (15,3), (8,3)]
################################ 5270 ####################################
Vertices:        [1, 2, 4, 3, 5, 6, 7, 8, 9, 13, 15, 20, 23, 25, 26, 24, 27, 28, 38, 31, 36, 34, 33, 37, 35, 32, 30, 29, 21, 10, 14, 22, 17, 19, 18, 16, 12, 11]
Aristas:         [(1,2,290.99), (2,4,341.89), (4,3,174.79), (3,5,68.97), (5,6,139.41), (6,7,77.18), (7,8,119.26), (8,9,18.42), (9,13,165.2), (13,15,23.35), (15,20,229.01), (20,23,86.96), (23,25,56.8), (25,26,27.47), (26,24,232.23), (24,27,443.32), (27,28,264.63), (28,38,674.01), (38,31,523.73), (31,36,101.88), (36,34,147.41), (34,33,33.62), (33,37,269.01), (37,35,190.55), (35,32,287.42), (32,30,156.9), (30,29,296.3), (29,21,496.49), (21,10,354.82), (10,14,88.06), (14,22,747.54), (22,17,375.16), (17,19,16.67), (19,18,5.36), (18,16,27.98), (16,12,97.94), (12,11,69.96)]
Costo asociado:  8958.61
-+-+-+-+-+-+-+-+-+-+-+-+ Lista TABÚ +-+-+-+-+-+-+-+-+-+-+-+-+
Lista Tabu: [(23,1), (32,1), (36,1), (12,1), (6,1), (12,1), (27,2), (34,2), (37,2), (9,2), (14,2), (16,2), (24,3), (17,3), (28,3), (2,3), (5,3), (17,3)]
################################ 5358 ####################################
Vertices:        [1, 2, 4, 3, 5, 6, 7, 8, 9, 13, 15, 20, 23, 25, 26, 24, 27, 28, 38, 31, 36, 34, 33, 37, 35, 32, 30, 29, 21, 10, 14, 22, 19, 17, 18, 16, 12, 11]
Aristas:         [(1,2,290.99), (2,4,341.89), (4,3,174.79), (3,5,68.97), (5,6,139.41), (6,7,77.18), (7,8,119.26), (8,9,18.42), (9,13,165.2), (13,15,23.35), (15,20,229.01), (20,23,86.96), (23,25,56.8), (25,26,27.47), (26,24,232.23), (24,27,443.32), (27,28,264.63), (28,38,674.01), (38,31,523.73), (31,36,101.88), (36,34,147.41), (34,33,33.62), (33,37,269.01), (37,35,190.55), (35,32,287.42), (32,30,156.9), (30,29,296.3), (29,21,496.49), (21,10,354.82), (10,14,88.06), (14,22,747.54), (22,19,368.01), (19,17,16.67), (17,18,11.83), (18,16,27.98), (16,12,97.94), (12,11,69.96)]
Costo asociado:  8957.93
-+-+-+-+-+-+-+-+-+-+-+-+ Lista TABÚ +-+-+-+-+-+-+-+-+-+-+-+-+
Lista Tabu: [(38,1), (35,1), (3,1), (23,1), (23,1), (10,1), (24,2), (11,2), (30,2), (7,2), (6,2), (11,2), (22,3), (31,3), (16,3), (8,3), (14,3), (8,3)]
################################ 6800 ####################################
Vertices:        [1, 2, 4, 3, 5, 6, 7, 8, 9, 13, 15, 20, 23, 25, 26, 24, 27, 28, 38, 31, 36, 34, 33, 37, 35, 32, 30, 29, 21, 10, 14, 22, 19, 18, 17, 16, 12, 11]
Aristas:         [(1,2,290.99), (2,4,341.89), (4,3,174.79), (3,5,68.97), (5,6,139.41), (6,7,77.18), (7,8,119.26), (8,9,18.42), (9,13,165.2), (13,15,23.35), (15,20,229.01), (20,23,86.96), (23,25,56.8), (25,26,27.47), (26,24,232.23), (24,27,443.32), (27,28,264.63), (28,38,674.01), (38,31,523.73), (31,36,101.88), (36,34,147.41), (34,33,33.62), (33,37,269.01), (37,35,190.55), (35,32,287.42), (32,30,156.9), (30,29,296.3), (29,21,496.49), (21,10,354.82), (10,14,88.06), (14,22,747.54), (22,19,368.01), (19,18,5.36), (18,17,11.83), (17,16,19.25), (16,12,97.94), (12,11,69.96)]
Costo asociado:  8937.89
-+-+-+-+-+-+-+-+-+-+-+-+ Lista TABÚ +-+-+-+-+-+-+-+-+-+-+-+-+
Lista Tabu: [(12,1), (37,1), (29,1), (6,1), (27,1), (6,1), (15,2), (22,2), (30,2), (5,2), (15,2), (15,2), (31,3), (24,3), (26,3), (11,3), (10,3), (11,3)]
################################ 7855 ####################################
Vertices:        [1, 2, 4, 3, 5, 6, 7, 8, 9, 13, 15, 20, 23, 25, 26, 24, 28, 27, 38, 31, 36, 34, 33, 37, 35, 32, 30, 29, 21, 10, 14, 22, 19, 18, 17, 16, 12, 11]
Aristas:         [(1,2,290.99), (2,4,341.89), (4,3,174.79), (3,5,68.97), (5,6,139.41), (6,7,77.18), (7,8,119.26), (8,9,18.42), (9,13,165.2), (13,15,23.35), (15,20,229.01), (20,23,86.96), (23,25,56.8), (25,26,27.47), (26,24,232.23), (24,28,235.22), (28,27,264.63), (27,38,752.12), (38,31,523.73), (31,36,101.88), (36,34,147.41), (34,33,33.62), (33,37,269.01), (37,35,190.55), (35,32,287.42), (32,30,156.9), (30,29,296.3), (29,21,496.49), (21,10,354.82), (10,14,88.06), (14,22,747.54), (22,19,368.01), (19,18,5.36), (18,17,11.83), (17,16,19.25), (16,12,97.94), (12,11,69.96)]
Costo asociado:  8807.9
-+-+-+-+-+-+-+-+-+-+-+-+ Lista TABÚ +-+-+-+-+-+-+-+-+-+-+-+-+
Lista Tabu: [(26,1), (33,1), (35,1), (9,1), (9,1), (21,1), (13,2), (10,2), (12,2), (8,2), (6,2), (10,2), (17,3), (38,3), (14,3), (5,3), (23,3), (2,3)]

################################ Solucion Optima ####################################
Vertices:        [1, 2, 4, 3, 5, 6, 7, 8, 9, 13, 15, 20, 23, 25, 26, 24, 28, 27, 38, 31, 36, 34, 33, 37, 35, 32, 30, 29, 21, 10, 14, 22, 19, 18, 17, 16, 12, 11]
Aristas:         [(1,2,290.99), (2,4,341.89), (4,3,174.79), (3,5,68.97), (5,6,139.41), (6,7,77.18), (7,8,119.26), (8,9,18.42), (9,13,165.2), (13,15,23.35), (15,20,229.01), (20,23,86.96), (23,25,56.8), (25,26,27.47), (26,24,232.23), (24,28,235.22), (28,27,264.63), (27,38,752.12), (38,31,523.73), (31,36,101.88), (36,34,147.41), (34,33,33.62), (33,37,269.01), (37,35,190.55), (35,32,287.42), (32,30,156.9), (30,29,296.3), (29,21,496.49), (21,10,354.82), (10,14,88.06), (14,22,747.54), (22,19,368.01), (19,18,5.36), (18,17,11.83), (17,16,19.25), (16,12,97.94), (12,11,69.96)]
Costo asociado:  8807.9

Nro Intercambios: 6           Maximas Iteraciones: 10000
Tenure ADD: 3           Tenure DROP: 3
Tiempo total: 5min 17seg
