############### GRAFO CARGADO #################
     1     2     3     4     5     6     7     8     9     10     11     12     13     14     15     16     17     18     19     20     21     22     23     24     25     26     27     28     29     30     31     32     33     34     35     36     37     38     39     40     41     42     43     44     45     46     47     48     49     50
1    999999999999    32.56    14.56    32.2    32.2    24.84    21.02    31.58    17.8    15.56    26.4    16.64    26.4    46.87    45.35    42.45    40.71    22.85    28.23    16.49    29.27    39.2    46.17    27.78    37.64    19.42    10.82    12.0    24.04    11.05    10.44    20.88    12.37    24.74    27.2    40.52    35.81    56.85    41.59    24.02    42.01    40.72    49.4    46.1    36.69    39.01    33.73    28.16    39.82    6.32    
2    32.56    999999999999    34.41    20.22    23.85    16.4    36.25    36.07    47.42    43.29    50.29    23.43    9.43    21.19    13.0    25.18    32.7    27.46    47.42    49.03    10.44    12.21    23.32    34.99    30.15    16.4    23.0    20.88    38.29    43.29    35.23    52.0    39.36    48.41    55.57    54.2    15.3    32.31    25.5    9.43    12.21    12.08    18.44    24.19    35.81    45.28    47.43    41.34    58.67    32.31    
3    14.56    34.41    999999999999    25.0    42.72    33.54    35.36    45.04    15.0    29.15    40.31    11.18    32.02    53.15    47.17    51.48    52.2    35.36    42.72    22.36    26.93    36.4    40.0    14.14    26.93    18.03    20.62    16.12    9.49    21.21    25.0    31.24    7.28    14.14    21.54    55.08    43.01    64.03    33.38    25.0    40.16    45.28    52.8    53.82    49.5    53.08    48.27    42.58    54.13    8.25    
4    32.2    20.22    25.0    999999999999    41.23    31.62    46.1    50.54    40.0    47.17    57.01    15.81    25.5    41.23    29.15    45.0    50.99    40.31    56.57    46.1    10.0    14.14    15.0    18.03    10.0    14.14    28.28    22.02    23.77    42.72    40.0    52.92    32.06    36.4    45.71    66.4    35.0    52.2    9.43    15.81    18.38    32.02    36.24    44.41    52.2    59.94    59.2    52.8    68.59    28.16    
5    32.2    23.85    42.72    41.23    999999999999    10.0    20.62    13.93    50.0    33.54    35.36    35.36    15.81    20.0    29.15    11.18    10.0    11.18    30.0    46.1    31.62    36.06    47.17    50.25    50.99    30.0    22.36    26.93    50.45    39.05    27.2    43.83    43.91    55.9    59.41    32.7    11.18    26.93    48.47    25.5    35.47    20.12    28.16    16.49    12.04    22.2    26.93    22.09    39.05    36.24    
6    24.84    16.4    33.54    31.62    10.0    999999999999    20.62    19.85    42.43    30.41    35.36    25.5    7.07    22.36    25.5    18.03    20.0    11.18    31.62    40.31    22.36    28.28    39.05    40.31    41.23    20.0    14.14    17.46    40.8    33.54    22.8    40.26    35.61    47.17    51.66    37.8    11.18    32.02    39.36    15.81    28.6    18.03    27.07    21.26    20.62    29.21    31.06    25.06    42.49    27.8    
7    21.02    36.25    35.36    46.1    20.62    20.62    999999999999    12.21    36.4    14.14    15.0    33.54    26.93    40.31    46.1    31.62    25.0    10.0    11.18    29.15    39.05    47.17    57.01    47.43    54.08    32.02    18.03    24.7    44.72    22.36    11.18    24.21    33.06    45.28    45.54    20.59    30.0    47.43    55.17    32.02    48.3    38.21    47.1    37.11    18.44    18.11    13.42    7.28    22.8    27.17    
8    31.58    36.07    45.04    50.54    13.93    19.85    12.21    999999999999    48.1    26.25    24.17    40.79    26.91    33.38    42.94    23.0    13.93    10.44    17.72    41.34    41.88    48.1    58.9    55.58    59.62    37.34    25.18    31.58    54.01    34.48    22.85    36.07    43.93    56.29    57.38    18.79    25.08    38.33    58.83    34.99    48.17    34.01    42.06    29.02    6.4    9.43    13.15    9.49    25.32    37.22    
9    17.8    47.42    15.0    40.0    50.0    42.43    36.4    48.1    999999999999    25.0    35.36    25.5    43.01    64.03    60.42    60.21    58.31    40.31    40.0    11.18    41.23    50.99    55.0    26.93    41.23    31.62    28.28    26.93    20.12    15.0    25.3    21.93    8.25    11.18    9.43    53.0    53.15    74.33    48.26    38.08    54.57    57.14    65.37    63.66    53.71    54.34    47.17    42.76    49.65    15.26    
10    15.56    43.29    29.15    47.17    33.54    30.41    14.14    26.25    25.0    999999999999    11.18    32.02    35.0    52.2    55.0    44.72    39.05    22.36    15.0    15.81    42.72    52.2    60.42    43.01    53.15    33.54    20.62    25.5    38.47    10.0    8.06    10.3    24.35    35.36    33.38    28.0    41.23    60.42    56.6    36.4    54.34    48.37    57.43    49.77    32.56    30.46    22.36    18.79    25.3    21.4    
11    26.4    50.29    40.31    57.01    35.36    35.36    15.0    24.17    35.36    11.18    999999999999    42.43    41.23    55.23    60.83    46.1    38.08    25.0    7.07    25.0    51.48    60.42    69.46    54.08    63.64    43.01    29.15    35.0    49.65    20.62    17.03    15.52    35.47    46.1    43.0    18.68    45.0    61.85    66.4    44.72    62.03    53.15    62.07    51.79    30.41    24.76    15.0    14.76    14.32    32.45    
12    16.64    23.43    11.18    15.81    35.36    25.5    33.54    40.79    25.5    32.02    42.43    999999999999    22.36    43.01    36.06    42.72    45.28    30.41    43.01    30.41    15.81    25.5    30.41    15.0    21.21    7.07    15.81    9.22    15.65    26.93    25.5    37.16    17.26    25.0    32.7    54.12    33.54    54.08    25.08    14.14    29.12    34.71    41.87    44.29    44.1    49.73    46.96    40.72    55.0    12.37    
13    26.4    9.43    32.02    25.5    15.81    7.07    26.93    26.91    43.01    35.0    41.23    22.36    999999999999    21.21    20.0    20.62    25.5    18.03    38.08    42.72    15.81    21.21    32.02    36.4    35.36    15.81    15.81    16.28    38.01    36.4    27.02    44.28    35.47    46.1    51.86    44.82    11.18    32.02    32.7    10.0    21.63    14.32    23.09    21.95    27.29    36.24    38.01    31.91    49.24    27.8    
14    46.87    21.19    53.15    41.23    20.0    22.36    40.31    33.38    64.03    52.2    55.23    43.01    21.21    999999999999    15.81    11.18    22.36    30.41    50.0    62.65    31.62    30.0    40.31    55.9    50.99    36.06    36.06    37.48    58.52    55.9    44.94    62.3    56.64    67.27    73.0    51.66    11.18    11.18    45.04    29.15    27.17    9.22    10.63    5.66    29.41    40.16    46.53    42.05    58.69    48.92    
15    45.35    13.0    47.17    29.15    29.15    25.5    46.1    42.94    60.42    55.0    60.83    36.06    20.0    15.81    999999999999    25.0    35.36    36.4    57.01    61.85    21.21    15.81    25.0    46.1    38.08    29.15    35.36    33.84    50.25    55.9    47.01    64.2    52.33    61.03    68.48    61.72    18.03    25.0    30.81    22.36    12.17    9.22    7.28    21.02    40.8    51.31    55.54    49.98    67.42    45.31    
16    42.45    25.18    51.48    45.0    11.18    18.03    31.62    23.0    60.21    44.72    46.1    42.72    20.62    11.18    25.0    999999999999    11.18    22.36    40.31    57.01    35.0    36.4    47.43    57.01    55.0    36.4    32.02    35.36    58.31    50.0    38.28    55.01    53.6    65.19    69.53    40.79    10.0    15.81    50.64    30.41    34.54    16.12    21.4    6.08    18.44    29.12    36.06    32.14    48.17    45.8    
17    40.71    32.7    52.2    50.99    10.0    20.0    25.0    13.93    58.31    39.05    38.08    45.28    25.5    22.36    35.36    11.18    999999999999    18.03    31.62    53.15    41.23    44.72    55.9    60.21    60.83    40.0    31.62    36.67    60.21    46.1    34.06    49.2    52.8    65.0    67.74    30.15    18.03    25.0    57.87    35.36    43.57    26.17    32.45    17.09    8.06    18.25    26.17    23.41    38.01    45.31    
18    22.85    27.46    35.36    40.31    11.18    11.18    10.0    10.44    40.31    22.36    25.0    30.41    18.03    30.41    36.4    22.36    18.03    999999999999    20.62    35.36    32.02    39.05    49.5    45.28    49.24    26.93    15.0    21.21    44.05    28.28    16.28    32.65    35.11    47.43    49.74    26.91    20.0    38.08    48.83    25.0    39.66    28.28    37.12    27.51    14.14    19.7    20.0    13.89    31.3    27.89    
19    28.23    47.42    42.72    56.57    30.0    31.62    11.18    17.72    40.0    15.0    7.07    43.01    38.08    50.0    57.01    40.31    31.62    20.62    999999999999    30.41    50.0    58.31    68.01    55.9    64.03    42.43    28.28    34.71    52.2    25.0    17.89    21.93    38.83    50.25    48.26    13.0    40.31    55.9    65.8    43.01    59.48    48.84    57.56    46.17    23.77    17.69    8.06    8.25    12.04    34.54    
20    16.49    49.03    22.36    46.1    46.1    40.31    29.15    41.34    11.18    15.81    25.0    30.41    42.72    62.65    61.85    57.01    53.15    35.36    30.41    999999999999    45.0    55.0    60.83    36.06    49.24    35.0    26.93    28.28    29.83    7.07    19.1    10.77    15.26    22.36    18.0    43.29    51.48    72.11    55.08    40.31    58.08    57.01    65.79    61.29    47.43    46.24    38.08    34.54    39.12    18.11    
21    29.27    10.44    26.93    10.0    31.62    22.36    39.05    41.88    41.23    42.72    51.48    15.81    15.81    31.62    21.21    35.0    41.23    32.02    50.0    45.0    999999999999    10.0    18.03    25.0    20.0    10.0    22.36    17.46    29.07    40.31    34.93    50.01    32.98    40.31    48.47    58.73    25.0    42.72    17.0    7.07    13.34    22.47    27.8    34.53    42.95    51.31    51.62    45.25    61.85    27.07    
22    39.2    12.21    36.4    14.14    36.06    28.28    47.17    48.1    50.99    52.2    60.42    25.5    21.21    30.0    15.81    36.4    44.72    39.05    58.31    55.0    10.0    999999999999    11.18    32.02    22.36    20.0    31.62    27.29    37.22    50.25    44.27    59.84    42.76    49.24    57.87    65.95    26.93    40.31    15.13    15.81    4.24    21.1    23.09    34.23    48.01    57.38    59.03    52.8    69.89    37.05    
23    46.17    23.32    40.0    15.0    47.17    39.05    57.01    58.9    55.0    60.42    69.46    30.41    32.02    40.31    25.0    47.43    55.9    49.5    68.01    60.83    18.03    11.18    999999999999    31.62    18.03    26.93    40.31    34.93    38.08    57.01    52.77    67.05    47.04    50.99    60.53    76.38    38.08    50.0    8.6    25.0    13.15    31.78    32.06    44.91    59.08    68.25    69.35    63.03    79.81    42.76    
24    27.78    34.99    14.14    18.03    50.25    40.31    47.43    55.58    26.93    43.01    54.08    15.0    36.4    55.9    46.1    57.01    60.21    45.28    55.9    36.06    25.0    32.02    31.62    999999999999    15.0    20.62    30.41    24.08    7.07    35.36    38.01    45.34    20.81    20.0    30.07    67.78    47.43    67.08    23.54    26.93    36.24    47.01    52.8    57.94    59.08    64.33    60.75    54.71    67.6    21.63    
25    37.64    30.15    26.93    10.0    50.99    41.23    54.08    59.62    41.23    53.15    63.64    21.21    35.36    50.99    38.08    55.0    60.83    49.24    64.03    49.24    20.0    22.36    18.03    15.0    999999999999    22.36    36.06    29.41    22.02    47.17    46.69    57.45    34.18    35.0    45.04    74.63    45.0    61.85    9.43    25.5    26.42    41.77    45.31    54.33    61.68    68.94    67.42    61.06    76.06    32.45    
26    19.42    16.4    18.03    14.14    30.0    20.0    32.02    37.34    31.62    33.54    43.01    7.07    15.81    36.06    29.15    36.4    40.0    26.93    42.43    35.0    10.0    20.0    26.93    20.62    22.36    999999999999    14.14    8.06    22.47    30.41    26.08    40.26    23.41    32.02    39.36    52.43    26.93    47.17    23.43    7.07    23.19    27.66    34.83    37.58    39.81    46.62    45.22    38.83    54.45    17.12    
27    10.82    23.0    20.62    28.28    22.36    14.14    18.03    25.18    28.28    20.62    29.15    15.81    15.81    36.06    35.36    32.02    31.62    15.0    28.28    26.93    22.36    31.62    40.31    30.41    36.06    14.14    999999999999    6.71    29.07    20.62    12.65    29.0    21.63    33.54    37.54    38.59    25.0    46.1    37.54    15.81    33.73    30.08    38.9    35.38    29.07    33.96    31.38    25.06    40.31    13.89    
28    12.0    20.88    16.12    22.02    26.93    17.46    24.7    31.58    26.93    25.5    35.0    9.22    16.28    37.48    33.84    35.36    36.67    21.21    34.71    28.28    17.46    27.29    34.93    24.08    29.41    8.06    6.71    999999999999    23.54    23.02    18.03    32.56    19.21    30.0    35.61    45.28    27.02    48.17    31.4    12.04    30.02    30.23    38.47    37.8    35.01    40.52    38.08    31.76    46.75    11.66    
29    24.04    38.29    9.49    23.77    50.45    40.8    44.72    54.01    20.12    38.47    49.65    15.65    38.01    58.52    50.25    58.31    60.21    44.05    52.2    29.83    29.07    37.22    38.08    7.07    22.02    22.47    29.07    23.54    999999999999    30.0    34.48    39.62    14.87    13.04    23.02    64.56    49.19    69.64    30.27    29.41    41.34    50.0    56.59    59.94    58.14    62.29    57.72    51.97    63.56    17.72    
30    11.05    43.29    21.21    42.72    39.05    33.54    22.36    34.48    15.0    10.0    20.62    26.93    36.4    55.9    55.9    50.0    46.1    28.28    25.0    7.07    40.31    50.25    57.01    35.36    47.17    30.41    20.62    23.02    30.0    999999999999    12.04    10.3    15.26    25.5    23.54    38.0    44.72    65.19    52.0    35.0    53.04    50.6    59.48    54.38    40.5    39.85    32.25    28.16    34.93    14.76    
31    10.44    35.23    25.0    40.0    27.2    22.8    11.18    22.85    25.3    8.06    17.03    25.5    27.02    44.94    47.01    38.28    34.06    16.28    17.89    19.1    34.93    44.27    52.77    38.01    46.69    26.08    12.65    18.03    34.48    12.04    999999999999    17.46    22.0    34.13    34.54    30.08    33.84    53.71    49.41    28.46    46.32    40.61    49.65    42.94    28.65    29.27    23.35    18.0    29.68    16.76    
32    20.88    52.0    31.24    52.92    43.83    40.26    24.21    36.07    21.93    10.3    15.52    37.16    44.28    62.3    64.2    55.01    49.2    32.65    21.93    10.77    50.01    59.84    67.05    45.34    57.45    40.26    29.0    32.56    39.62    10.3    17.46    999999999999    24.76    33.11    28.28    34.21    51.24    70.68    62.24    44.28    62.39    58.05    67.08    60.01    42.45    39.12    29.97    27.8    29.02    25.06    
33    12.37    39.36    7.28    32.06    43.91    35.61    33.06    43.93    8.25    24.35    35.47    17.26    35.47    56.64    52.33    53.6    52.8    35.11    38.83    15.26    32.98    42.76    47.04    20.81    34.18    23.41    21.63    19.21    14.87    15.26    22.0    24.76    999999999999    12.37    16.4    51.62    45.97    67.18    40.61    29.97    46.32    49.41    57.45    56.64    49.04    51.16    45.18    40.0    49.65    7.81    
34    24.74    48.41    14.14    36.4    55.9    47.17    45.28    56.29    11.18    35.36    46.1    25.0    46.1    67.27    61.03    65.19    65.0    47.43    50.25    22.36    40.31    49.24    50.99    20.0    35.0    32.02    33.54    30.0    13.04    25.5    34.13    33.11    12.37    999999999999    10.2    63.2    57.01    78.1    43.29    39.05    53.23    59.41    66.84    67.8    61.4    63.39    57.01    52.09    60.42    19.7    
35    27.2    55.57    21.54    45.71    59.41    51.66    45.54    57.38    9.43    33.38    43.0    32.7    51.86    73.0    68.48    69.53    67.74    49.74    48.26    18.0    48.47    57.87    60.53    30.07    45.04    39.36    37.54    35.61    23.02    23.54    34.54    28.28    16.4    10.2    999999999999    61.2    62.24    83.45    53.08    46.14    61.68    65.8    73.78    72.84    63.07    63.32    55.73    51.66    57.08    24.08    
36    40.52    54.2    55.08    66.4    32.7    37.8    20.59    18.79    53.0    28.0    18.68    54.12    44.82    51.66    61.72    40.79    30.15    26.91    13.0    43.29    58.73    65.95    76.38    67.78    74.63    52.43    38.59    45.28    64.56    38.0    30.08    34.21    51.62    63.2    61.2    999999999999    43.86    55.08    75.29    51.66    66.4    52.8    60.75    46.87    22.36    12.0    7.21    13.6    8.94    46.84    
37    35.81    15.3    43.01    35.0    11.18    11.18    30.0    25.08    53.15    41.23    45.0    33.54    11.18    11.18    18.03    10.0    18.03    20.0    40.31    51.48    25.0    26.93    38.08    47.43    45.0    26.93    25.0    27.02    49.19    44.72    33.84    51.24    45.97    57.01    62.24    43.86    999999999999    21.21    40.79    20.62    25.55    8.94    17.26    10.82    22.8    33.29    37.95    32.76    50.0    38.18    
38    56.85    32.31    64.03    52.2    26.93    32.02    47.43    38.33    74.33    60.42    61.85    54.08    32.02    11.18    25.0    15.81    25.0    38.08    55.9    72.11    42.72    40.31    50.0    67.08    61.85    47.17    46.1    48.17    69.64    65.19    53.71    70.68    67.18    78.1    83.45    55.08    21.21    999999999999    55.44    40.31    37.05    20.25    18.11    10.82    33.02    43.1    51.09    47.68    63.01    59.4    
39    41.59    25.5    33.38    9.43    48.47    39.36    55.17    58.83    48.26    56.6    66.4    25.08    32.7    45.04    30.81    50.64    57.87    48.83    65.8    55.08    17.0    15.13    8.6    23.54    9.43    23.43    37.54    31.4    30.27    52.0    49.41    62.24    40.61    43.29    53.08    75.29    40.79    55.44    999999999999    23.85    18.68    36.0    38.08    49.04    59.93    68.26    68.12    61.72    77.79    37.34    
40    24.02    9.43    25.0    15.81    25.5    15.81    32.02    34.99    38.08    36.4    44.72    14.14    10.0    29.15    22.36    30.41    35.36    25.0    43.01    40.31    7.07    15.81    25.0    26.93    25.5    7.07    15.81    12.04    29.41    35.0    28.46    44.28    29.97    39.05    46.14    51.66    20.62    40.31    23.85    999999999999    18.11    20.62    27.8    31.02    36.4    44.42    44.55    38.18    54.82    23.09    
41    42.01    12.21    40.16    18.38    35.47    28.6    48.3    48.17    54.57    54.34    62.03    29.12    21.63    27.17    12.17    34.54    43.57    39.66    59.48    58.08    13.34    4.24    13.15    36.24    26.42    23.19    33.73    30.02    41.34    53.04    46.32    62.39    46.32    53.23    61.68    66.4    25.55    37.05    18.68    18.11    999999999999    18.68    19.42    31.78    47.51    57.28    59.64    53.54    70.83    40.31    
42    40.72    12.08    45.28    32.02    20.12    18.03    38.21    34.01    57.14    48.37    53.15    34.71    14.32    9.22    9.22    16.12    26.17    28.28    48.84    57.01    22.47    21.1    31.78    47.01    41.77    27.66    30.08    30.23    50.0    50.6    40.61    58.05    49.41    59.41    65.8    52.8    8.94    20.25    36.0    20.62    18.68    999999999999    9.06    13.15    31.62    42.19    46.82    41.48    58.82    41.88    
43    49.4    18.44    52.8    36.24    28.16    27.07    47.1    42.06    65.37    57.43    62.07    41.87    23.09    10.63    7.28    21.4    32.45    37.12    57.56    65.79    27.8    23.09    32.06    52.8    45.31    34.83    38.9    38.47    56.59    59.48    49.65    67.08    57.45    66.84    73.78    60.75    17.26    18.11    38.08    27.8    19.42    9.06    999999999999    16.28    38.91    49.66    55.08    50.01    67.19    50.12    
44    46.1    24.19    53.82    44.41    16.49    21.26    37.11    29.02    63.66    49.77    51.79    44.29    21.95    5.66    21.02    6.08    17.09    27.51    46.17    61.29    34.53    34.23    44.91    57.94    54.33    37.58    35.38    37.8    59.94    54.38    42.94    60.01    56.64    67.8    72.84    46.87    10.82    10.82    49.04    31.02    31.78    13.15    16.28    999999999999    24.52    35.17    42.11    38.05    54.23    48.84    
45    36.69    35.81    49.5    52.2    12.04    20.62    18.44    6.4    53.71    32.56    30.41    44.1    27.29    29.41    40.8    18.44    8.06    14.14    23.77    47.43    42.95    48.01    59.08    59.08    61.68    39.81    29.07    35.01    58.14    40.5    28.65    42.45    49.04    61.4    63.07    22.36    22.8    33.02    59.93    36.4    47.51    31.62    38.91    24.52    999999999999    10.77    18.11    15.65    30.0    41.98    
46    39.01    45.28    53.08    59.94    22.2    29.21    18.11    9.43    54.34    30.46    24.76    49.73    36.24    40.16    51.31    29.12    18.25    19.7    17.69    46.24    51.31    57.38    68.25    64.33    68.94    46.62    33.96    40.52    62.29    39.85    29.27    39.12    51.16    63.39    63.32    12.0    33.29    43.1    68.26    44.42    57.28    42.19    49.66    35.17    10.77    999999999999    10.0    11.7    20.4    45.01    
47    33.73    47.43    48.27    59.2    26.93    31.06    13.42    13.15    47.17    22.36    15.0    46.96    38.01    46.53    55.54    36.06    26.17    20.0    8.06    38.08    51.62    59.03    69.35    60.75    67.42    45.22    31.38    38.08    57.72    32.25    23.35    29.97    45.18    57.01    55.73    7.21    37.95    51.09    68.12    44.55    59.64    46.82    55.08    42.11    18.11    10.0    999999999999    6.4    12.17    40.02    
48    28.16    41.34    42.58    52.8    22.09    25.06    7.28    9.49    42.76    18.79    14.76    40.72    31.91    42.05    49.98    32.14    23.41    13.89    8.25    34.54    45.25    52.8    63.03    54.71    61.06    38.83    25.06    31.76    51.97    28.16    18.0    27.8    40.0    52.09    51.66    13.6    32.76    47.68    61.72    38.18    53.54    41.48    50.01    38.05    15.65    11.7    6.4    999999999999    17.46    34.37    
49    39.82    58.67    54.13    68.59    39.05    42.49    22.8    25.32    49.65    25.3    14.32    55.0    49.24    58.69    67.42    48.17    38.01    31.3    12.04    39.12    61.85    69.89    79.81    67.6    76.06    54.45    40.31    46.75    63.56    34.93    29.68    29.02    49.65    60.42    57.08    8.94    50.0    63.01    77.79    54.82    70.83    58.82    67.19    54.23    30.0    20.4    12.17    17.46    999999999999    46.07    
50    6.32    32.31    8.25    28.16    36.24    27.8    27.17    37.22    15.26    21.4    32.45    12.37    27.8    48.92    45.31    45.8    45.31    27.89    34.54    18.11    27.07    37.05    42.76    21.63    32.45    17.12    13.89    11.66    17.72    14.76    16.76    25.06    7.81    19.7    24.08    46.84    38.18    59.4    37.34    23.09    40.31    41.88    50.12    48.84    41.98    45.01    40.02    34.37    46.07    999999999999    

################ SOLUCION INICIAL #################
Vertices:        [1, 50, 33, 3, 29, 24, 12, 26, 40, 21, 4, 39, 23, 22, 41, 15, 43, 42, 37, 16, 44, 14, 38, 17, 45, 8, 46, 47, 48, 7, 18, 5, 6, 13, 2, 28, 27, 31, 10, 30, 20, 32, 11, 19, 49, 36, 9, 35, 34, 25]
Aristas:         [(1,50,6.32), (50,33,7.81), (33,3,7.28), (3,29,9.49), (29,24,7.07), (24,12,15.0), (12,26,7.07), (26,40,7.07), (40,21,7.07), (21,4,10.0), (4,39,9.43), (39,23,8.6), (23,22,11.18), (22,41,4.24), (41,15,12.17), (15,43,7.28), (43,42,9.06), (42,37,8.94), (37,16,10.0), (16,44,6.08), (44,14,5.66), (14,38,11.18), (38,17,25.0), (17,45,8.06), (45,8,6.4), (8,46,9.43), (46,47,10.0), (47,48,6.4), (48,7,7.28), (7,18,10.0), (18,5,11.18), (5,6,10.0), (6,13,7.07), (13,2,9.43), (2,28,20.88), (28,27,6.71), (27,31,12.65), (31,10,8.06), (10,30,10.0), (30,20,7.07), (20,32,10.77), (32,11,15.52), (11,19,7.07), (19,49,12.04), (49,36,8.94), (36,9,53.0), (9,35,9.43), (35,34,10.2), (34,25,35.0)]
Costo asociado:  573.2299999999999
################################ 1 ####################################
Vertices:        [1, 50, 33, 3, 29, 24, 12, 26, 40, 21, 4, 39, 23, 22, 41, 15, 43, 42, 37, 16, 44, 14, 38, 17, 45, 9, 46, 47, 48, 7, 18, 5, 6, 13, 2, 28, 27, 31, 10, 30, 20, 32, 11, 19, 49, 36, 8, 35, 34, 25]
Aristas:         [(1,50,6.32), (50,33,7.81), (33,3,7.28), (3,29,9.49), (29,24,7.07), (24,12,15.0), (12,26,7.07), (26,40,7.07), (40,21,7.07), (21,4,10.0), (4,39,9.43), (39,23,8.6), (23,22,11.18), (22,41,4.24), (41,15,12.17), (15,43,7.28), (43,42,9.06), (42,37,8.94), (37,16,10.0), (16,44,6.08), (44,14,5.66), (14,38,11.18), (38,17,25.0), (17,45,8.06), (45,9,53.71), (9,46,54.34), (46,47,10.0), (47,48,6.4), (48,7,7.28), (7,18,10.0), (18,5,11.18), (5,6,10.0), (6,13,7.07), (13,2,9.43), (2,28,20.88), (28,27,6.71), (27,31,12.65), (31,10,8.06), (10,30,10.0), (30,20,7.07), (20,32,10.77), (32,11,15.52), (11,19,7.07), (19,49,12.04), (49,36,8.94), (36,8,18.79), (8,35,57.38), (35,34,10.2), (34,25,35.0)]
Costo asociado:  679.1899999999999
-+-+-+-+-+-+-+-+-+ Lista TABÚ -+-+-+-+-+-+-+-+-+
Lista Tabu: [(3,13), (5,13), (7,13), (9,13), (2,10), (4,10), (6,10), (8,10)]
################################ 2 ####################################
Vertices:        [1, 50, 33, 3, 29, 24, 12, 26, 40, 21, 4, 39, 23, 22, 41, 15, 43, 42, 37, 17, 44, 14, 38, 16, 45, 8, 46, 47, 48, 7, 18, 5, 6, 13, 2, 28, 27, 31, 10, 30, 20, 32, 11, 19, 49, 36, 9, 35, 34, 25]
Aristas:         [(1,50,6.32), (50,33,7.81), (33,3,7.28), (3,29,9.49), (29,24,7.07), (24,12,15.0), (12,26,7.07), (26,40,7.07), (40,21,7.07), (21,4,10.0), (4,39,9.43), (39,23,8.6), (23,22,11.18), (22,41,4.24), (41,15,12.17), (15,43,7.28), (43,42,9.06), (42,37,8.94), (37,17,18.03), (17,44,17.09), (44,14,5.66), (14,38,11.18), (38,16,15.81), (16,45,18.44), (45,8,6.4), (8,46,9.43), (46,47,10.0), (47,48,6.4), (48,7,7.28), (7,18,10.0), (18,5,11.18), (5,6,10.0), (6,13,7.07), (13,2,9.43), (2,28,20.88), (28,27,6.71), (27,31,12.65), (31,10,8.06), (10,30,10.0), (30,20,7.07), (20,32,10.77), (32,11,15.52), (11,19,7.07), (19,49,12.04), (49,36,8.94), (36,9,53.0), (9,35,9.43), (35,34,10.2), (34,25,35.0)]
Costo asociado:  593.4599999999999
-+-+-+-+-+-+-+-+-+ Lista TABÚ -+-+-+-+-+-+-+-+-+
Lista Tabu: [(3,12), (5,12), (7,12), (9,12), (2,9), (4,9), (6,9), (8,9), (11,13), (13,13), (15,13), (17,13), (10,10), (12,10), (14,10), (16,10)]
################################ 3 ####################################
Vertices:        [1, 50, 33, 3, 29, 25, 12, 26, 40, 21, 4, 39, 23, 22, 41, 15, 43, 42, 37, 16, 44, 14, 38, 17, 45, 8, 46, 47, 48, 7, 18, 5, 6, 13, 2, 28, 27, 31, 10, 30, 20, 32, 11, 19, 49, 36, 9, 35, 34, 24]
Aristas:         [(1,50,6.32), (50,33,7.81), (33,3,7.28), (3,29,9.49), (29,25,22.02), (25,12,21.21), (12,26,7.07), (26,40,7.07), (40,21,7.07), (21,4,10.0), (4,39,9.43), (39,23,8.6), (23,22,11.18), (22,41,4.24), (41,15,12.17), (15,43,7.28), (43,42,9.06), (42,37,8.94), (37,16,10.0), (16,44,6.08), (44,14,5.66), (14,38,11.18), (38,17,25.0), (17,45,8.06), (45,8,6.4), (8,46,9.43), (46,47,10.0), (47,48,6.4), (48,7,7.28), (7,18,10.0), (18,5,11.18), (5,6,10.0), (6,13,7.07), (13,2,9.43), (2,28,20.88), (28,27,6.71), (27,31,12.65), (31,10,8.06), (10,30,10.0), (30,20,7.07), (20,32,10.77), (32,11,15.52), (11,19,7.07), (19,49,12.04), (49,36,8.94), (36,9,53.0), (9,35,9.43), (35,34,10.2), (34,24,20.0)]
Costo asociado:  569.5299999999999
-+-+-+-+-+-+-+-+-+ Lista TABÚ -+-+-+-+-+-+-+-+-+
Lista Tabu: [(3,11), (5,11), (7,11), (9,11), (2,8), (4,8), (6,8), (8,8), (11,12), (13,12), (15,12), (17,12), (10,9), (12,9), (14,9), (16,9), (19,13), (21,13), (23,13), (25,13), (18,10), (20,10), (22,10), (24,10)]
################################ 4 ####################################
Vertices:        [1, 50, 32, 3, 29, 24, 12, 26, 40, 21, 4, 39, 23, 22, 41, 15, 43, 42, 37, 16, 44, 14, 38, 17, 45, 8, 46, 47, 48, 7, 18, 5, 6, 13, 2, 28, 27, 31, 10, 30, 20, 33, 11, 19, 49, 36, 9, 35, 34, 25]
Aristas:         [(1,50,6.32), (50,32,25.06), (32,3,31.24), (3,29,9.49), (29,24,7.07), (24,12,15.0), (12,26,7.07), (26,40,7.07), (40,21,7.07), (21,4,10.0), (4,39,9.43), (39,23,8.6), (23,22,11.18), (22,41,4.24), (41,15,12.17), (15,43,7.28), (43,42,9.06), (42,37,8.94), (37,16,10.0), (16,44,6.08), (44,14,5.66), (14,38,11.18), (38,17,25.0), (17,45,8.06), (45,8,6.4), (8,46,9.43), (46,47,10.0), (47,48,6.4), (48,7,7.28), (7,18,10.0), (18,5,11.18), (5,6,10.0), (6,13,7.07), (13,2,9.43), (2,28,20.88), (28,27,6.71), (27,31,12.65), (31,10,8.06), (10,30,10.0), (30,20,7.07), (20,33,15.26), (33,11,35.47), (11,19,7.07), (19,49,12.04), (49,36,8.94), (36,9,53.0), (9,35,9.43), (35,34,10.2), (34,25,35.0)]
Costo asociado:  638.8799999999999
-+-+-+-+-+-+-+-+-+ Lista TABÚ -+-+-+-+-+-+-+-+-+
Lista Tabu: [(3,10), (5,10), (7,10), (9,10), (2,7), (4,7), (6,7), (8,7), (11,11), (13,11), (15,11), (17,11), (10,8), (12,8), (14,8), (16,8), (19,12), (21,12), (23,12), (25,12), (18,9), (20,9), (22,9), (24,9), (27,13), (29,13), (31,13), (33,13), (26,10), (28,10), (30,10), (32,10)]
################################ 5 ####################################
Vertices:        [1, 50, 33, 3, 29, 24, 12, 26, 41, 21, 4, 39, 23, 22, 40, 15, 43, 42, 37, 16, 44, 14, 38, 17, 45, 8, 46, 47, 48, 7, 18, 5, 6, 13, 2, 28, 27, 31, 10, 30, 20, 32, 11, 19, 49, 36, 9, 35, 34, 25]
Aristas:         [(1,50,6.32), (50,33,7.81), (33,3,7.28), (3,29,9.49), (29,24,7.07), (24,12,15.0), (12,26,7.07), (26,41,23.19), (41,21,13.34), (21,4,10.0), (4,39,9.43), (39,23,8.6), (23,22,11.18), (22,40,15.81), (40,15,22.36), (15,43,7.28), (43,42,9.06), (42,37,8.94), (37,16,10.0), (16,44,6.08), (44,14,5.66), (14,38,11.18), (38,17,25.0), (17,45,8.06), (45,8,6.4), (8,46,9.43), (46,47,10.0), (47,48,6.4), (48,7,7.28), (7,18,10.0), (18,5,11.18), (5,6,10.0), (6,13,7.07), (13,2,9.43), (2,28,20.88), (28,27,6.71), (27,31,12.65), (31,10,8.06), (10,30,10.0), (30,20,7.07), (20,32,10.77), (32,11,15.52), (11,19,7.07), (19,49,12.04), (49,36,8.94), (36,9,53.0), (9,35,9.43), (35,34,10.2), (34,25,35.0)]
Costo asociado:  617.3799999999999
-+-+-+-+-+-+-+-+-+ Lista TABÚ -+-+-+-+-+-+-+-+-+
Lista Tabu: [(3,9), (5,9), (7,9), (9,9), (2,6), (4,6), (6,6), (8,6), (11,10), (13,10), (15,10), (17,10), (10,7), (12,7), (14,7), (16,7), (19,11), (21,11), (23,11), (25,11), (18,8), (20,8), (22,8), (24,8), (27,12), (29,12), (31,12), (33,12), (26,9), (28,9), (30,9), (32,9), (35,13), (37,13), (39,13), (41,13), (34,10), (36,10), (38,10), (40,10)]
################################ 6 ####################################
Vertices:        [1, 50, 33, 3, 29, 24, 12, 26, 40, 21, 4, 39, 23, 22, 41, 15, 43, 42, 37, 16, 44, 14, 38, 17, 45, 8, 46, 47, 49, 7, 18, 5, 6, 13, 2, 28, 27, 31, 10, 30, 20, 32, 11, 19, 48, 36, 9, 35, 34, 25]
Aristas:         [(1,50,6.32), (50,33,7.81), (33,3,7.28), (3,29,9.49), (29,24,7.07), (24,12,15.0), (12,26,7.07), (26,40,7.07), (40,21,7.07), (21,4,10.0), (4,39,9.43), (39,23,8.6), (23,22,11.18), (22,41,4.24), (41,15,12.17), (15,43,7.28), (43,42,9.06), (42,37,8.94), (37,16,10.0), (16,44,6.08), (44,14,5.66), (14,38,11.18), (38,17,25.0), (17,45,8.06), (45,8,6.4), (8,46,9.43), (46,47,10.0), (47,49,12.17), (49,7,22.8), (7,18,10.0), (18,5,11.18), (5,6,10.0), (6,13,7.07), (13,2,9.43), (2,28,20.88), (28,27,6.71), (27,31,12.65), (31,10,8.06), (10,30,10.0), (30,20,7.07), (20,32,10.77), (32,11,15.52), (11,19,7.07), (19,48,8.25), (48,36,13.6), (36,9,53.0), (9,35,9.43), (35,34,10.2), (34,25,35.0)]
Costo asociado:  595.39
-+-+-+-+-+-+-+-+-+ Lista TABÚ -+-+-+-+-+-+-+-+-+
Lista Tabu: [(3,8), (5,8), (7,8), (9,8), (2,5), (4,5), (6,5), (8,5), (11,9), (13,9), (15,9), (17,9), (10,6), (12,6), (14,6), (16,6), (19,10), (21,10), (23,10), (25,10), (18,7), (20,7), (22,7), (24,7), (27,11), (29,11), (31,11), (33,11), (26,8), (28,8), (30,8), (32,8), (35,12), (37,12), (39,12), (41,12), (34,9), (36,9), (38,9), (40,9), (43,13), (45,13), (47,13), (49,13), (42,10), (44,10), (46,10), (48,10)]
-+-+-+-+-+-+-+-+-+ Lista TABÚ -+-+-+-+-+-+-+-+-+
Lista Tabu: [(3,7), (5,7), (7,7), (9,7), (2,4), (4,4), (6,4), (8,4), (11,8), (13,8), (15,8), (17,8), (10,5), (12,5), (14,5), (16,5), (19,9), (21,9), (23,9), (25,9), (18,6), (20,6), (22,6), (24,6), (27,10), (29,10), (31,10), (33,10), (26,7), (28,7), (30,7), (32,7), (35,11), (37,11), (39,11), (41,11), (34,8), (36,8), (38,8), (40,8), (43,12), (45,12), (47,12), (49,12), (42,9), (44,9), (46,9), (48,9)]
-+-+-+-+-+-+-+-+-+ Lista TABÚ -+-+-+-+-+-+-+-+-+
Lista Tabu: [(3,6), (5,6), (7,6), (9,6), (2,3), (4,3), (6,3), (8,3), (11,7), (13,7), (15,7), (17,7), (10,4), (12,4), (14,4), (16,4), (19,8), (21,8), (23,8), (25,8), (18,5), (20,5), (22,5), (24,5), (27,9), (29,9), (31,9), (33,9), (26,6), (28,6), (30,6), (32,6), (35,10), (37,10), (39,10), (41,10), (34,7), (36,7), (38,7), (40,7), (43,11), (45,11), (47,11), (49,11), (42,8), (44,8), (46,8), (48,8)]
-+-+-+-+-+-+-+-+-+ Lista TABÚ -+-+-+-+-+-+-+-+-+
Lista Tabu: [(3,5), (5,5), (7,5), (9,5), (2,2), (4,2), (6,2), (8,2), (11,6), (13,6), (15,6), (17,6), (10,3), (12,3), (14,3), (16,3), (19,7), (21,7), (23,7), (25,7), (18,4), (20,4), (22,4), (24,4), (27,8), (29,8), (31,8), (33,8), (26,5), (28,5), (30,5), (32,5), (35,9), (37,9), (39,9), (41,9), (34,6), (36,6), (38,6), (40,6), (43,10), (45,10), (47,10), (49,10), (42,7), (44,7), (46,7), (48,7)]
-+-+-+-+-+-+-+-+-+ Lista TABÚ -+-+-+-+-+-+-+-+-+
Lista Tabu: [(3,4), (5,4), (7,4), (9,4), (2,1), (4,1), (6,1), (8,1), (11,5), (13,5), (15,5), (17,5), (10,2), (12,2), (14,2), (16,2), (19,6), (21,6), (23,6), (25,6), (18,3), (20,3), (22,3), (24,3), (27,7), (29,7), (31,7), (33,7), (26,4), (28,4), (30,4), (32,4), (35,8), (37,8), (39,8), (41,8), (34,5), (36,5), (38,5), (40,5), (43,9), (45,9), (47,9), (49,9), (42,6), (44,6), (46,6), (48,6)]
-+-+-+-+-+-+-+-+-+ Lista TABÚ -+-+-+-+-+-+-+-+-+
Lista Tabu: [(3,3), (5,3), (7,3), (9,3), (11,4), (13,4), (15,4), (17,4), (10,1), (12,1), (14,1), (16,1), (19,5), (21,5), (23,5), (25,5), (18,2), (20,2), (22,2), (24,2), (27,6), (29,6), (31,6), (33,6), (26,3), (28,3), (30,3), (32,3), (35,7), (37,7), (39,7), (41,7), (34,4), (36,4), (38,4), (40,4), (43,8), (45,8), (47,8), (49,8), (42,5), (44,5), (46,5), (48,5)]
################################ 12 ####################################
Vertices:        [1, 50, 33, 3, 29, 24, 12, 26, 40, 21, 4, 39, 23, 22, 41, 15, 43, 42, 37, 16, 44, 14, 38, 17, 45, 6, 46, 47, 48, 7, 18, 5, 8, 13, 2, 28, 27, 31, 10, 30, 20, 32, 11, 19, 49, 36, 9, 35, 34, 25]
Aristas:         [(1,50,6.32), (50,33,7.81), (33,3,7.28), (3,29,9.49), (29,24,7.07), (24,12,15.0), (12,26,7.07), (26,40,7.07), (40,21,7.07), (21,4,10.0), (4,39,9.43), (39,23,8.6), (23,22,11.18), (22,41,4.24), (41,15,12.17), (15,43,7.28), (43,42,9.06), (42,37,8.94), (37,16,10.0), (16,44,6.08), (44,14,5.66), (14,38,11.18), (38,17,25.0), (17,45,8.06), (45,6,20.62), (6,46,29.21), (46,47,10.0), (47,48,6.4), (48,7,7.28), (7,18,10.0), (18,5,11.18), (5,8,13.93), (8,13,26.91), (13,2,9.43), (2,28,20.88), (28,27,6.71), (27,31,12.65), (31,10,8.06), (10,30,10.0), (30,20,7.07), (20,32,10.77), (32,11,15.52), (11,19,7.07), (19,49,12.04), (49,36,8.94), (36,9,53.0), (9,35,9.43), (35,34,10.2), (34,25,35.0)]
Costo asociado:  631.0
-+-+-+-+-+-+-+-+-+ Lista TABÚ -+-+-+-+-+-+-+-+-+
Lista Tabu: [(3,2), (5,2), (7,2), (9,2), (11,3), (13,3), (15,3), (17,3), (19,4), (21,4), (23,4), (25,4), (18,1), (20,1), (22,1), (24,1), (27,5), (29,5), (31,5), (33,5), (26,2), (28,2), (30,2), (32,2), (35,6), (37,6), (39,6), (41,6), (34,3), (36,3), (38,3), (40,3), (43,7), (45,7), (47,7), (49,7), (42,4), (44,4), (46,4), (48,4), (4,13), (8,13), (2,10), (6,10)]
################################ 13 ####################################
Vertices:        [1, 50, 33, 3, 29, 24, 12, 26, 40, 21, 4, 39, 23, 22, 41, 15, 43, 42, 37, 14, 44, 16, 38, 17, 45, 8, 46, 47, 48, 7, 18, 5, 6, 13, 2, 28, 27, 31, 10, 30, 20, 32, 11, 19, 49, 36, 9, 35, 34, 25]
Aristas:         [(1,50,6.32), (50,33,7.81), (33,3,7.28), (3,29,9.49), (29,24,7.07), (24,12,15.0), (12,26,7.07), (26,40,7.07), (40,21,7.07), (21,4,10.0), (4,39,9.43), (39,23,8.6), (23,22,11.18), (22,41,4.24), (41,15,12.17), (15,43,7.28), (43,42,9.06), (42,37,8.94), (37,14,11.18), (14,44,5.66), (44,16,6.08), (16,38,15.81), (38,17,25.0), (17,45,8.06), (45,8,6.4), (8,46,9.43), (46,47,10.0), (47,48,6.4), (48,7,7.28), (7,18,10.0), (18,5,11.18), (5,6,10.0), (6,13,7.07), (13,2,9.43), (2,28,20.88), (28,27,6.71), (27,31,12.65), (31,10,8.06), (10,30,10.0), (30,20,7.07), (20,32,10.77), (32,11,15.52), (11,19,7.07), (19,49,12.04), (49,36,8.94), (36,9,53.0), (9,35,9.43), (35,34,10.2), (34,25,35.0)]
Costo asociado:  579.0399999999998
-+-+-+-+-+-+-+-+-+ Lista TABÚ -+-+-+-+-+-+-+-+-+
Lista Tabu: [(3,1), (5,1), (7,1), (9,1), (11,2), (13,2), (15,2), (17,2), (19,3), (21,3), (23,3), (25,3), (27,4), (29,4), (31,4), (33,4), (26,1), (28,1), (30,1), (32,1), (35,5), (37,5), (39,5), (41,5), (34,2), (36,2), (38,2), (40,2), (43,6), (45,6), (47,6), (49,6), (42,3), (44,3), (46,3), (48,3), (4,12), (8,12), (2,9), (6,9), (12,13), (16,13), (10,10), (14,10)]
################################ 14 ####################################
Vertices:        [1, 50, 33, 3, 29, 22, 12, 26, 40, 21, 4, 39, 23, 24, 41, 15, 43, 42, 37, 16, 44, 14, 38, 17, 45, 8, 46, 47, 48, 7, 18, 5, 6, 13, 2, 28, 27, 31, 10, 30, 20, 32, 11, 19, 49, 36, 9, 35, 34, 25]
Aristas:         [(1,50,6.32), (50,33,7.81), (33,3,7.28), (3,29,9.49), (29,22,37.22), (22,12,25.5), (12,26,7.07), (26,40,7.07), (40,21,7.07), (21,4,10.0), (4,39,9.43), (39,23,8.6), (23,24,31.62), (24,41,36.24), (41,15,12.17), (15,43,7.28), (43,42,9.06), (42,37,8.94), (37,16,10.0), (16,44,6.08), (44,14,5.66), (14,38,11.18), (38,17,25.0), (17,45,8.06), (45,8,6.4), (8,46,9.43), (46,47,10.0), (47,48,6.4), (48,7,7.28), (7,18,10.0), (18,5,11.18), (5,6,10.0), (6,13,7.07), (13,2,9.43), (2,28,20.88), (28,27,6.71), (27,31,12.65), (31,10,8.06), (10,30,10.0), (30,20,7.07), (20,32,10.77), (32,11,15.52), (11,19,7.07), (19,49,12.04), (49,36,8.94), (36,9,53.0), (9,35,9.43), (35,34,10.2), (34,25,35.0)]
Costo asociado:  666.3199999999998
-+-+-+-+-+-+-+-+-+ Lista TABÚ -+-+-+-+-+-+-+-+-+
Lista Tabu: [(11,1), (13,1), (15,1), (17,1), (19,2), (21,2), (23,2), (25,2), (27,3), (29,3), (31,3), (33,3), (35,4), (37,4), (39,4), (41,4), (34,1), (36,1), (38,1), (40,1), (43,5), (45,5), (47,5), (49,5), (42,2), (44,2), (46,2), (48,2), (4,11), (8,11), (2,8), (6,8), (12,12), (16,12), (10,9), (14,9), (20,13), (24,13), (18,10), (22,10)]
################################ 15 ####################################
Vertices:        [1, 50, 33, 3, 29, 24, 12, 26, 40, 21, 4, 39, 23, 22, 41, 15, 43, 42, 37, 16, 44, 14, 38, 17, 45, 8, 46, 47, 48, 7, 18, 5, 6, 13, 2, 28, 27, 31, 10, 32, 20, 30, 11, 19, 49, 36, 9, 35, 34, 25]
Aristas:         [(1,50,6.32), (50,33,7.81), (33,3,7.28), (3,29,9.49), (29,24,7.07), (24,12,15.0), (12,26,7.07), (26,40,7.07), (40,21,7.07), (21,4,10.0), (4,39,9.43), (39,23,8.6), (23,22,11.18), (22,41,4.24), (41,15,12.17), (15,43,7.28), (43,42,9.06), (42,37,8.94), (37,16,10.0), (16,44,6.08), (44,14,5.66), (14,38,11.18), (38,17,25.0), (17,45,8.06), (45,8,6.4), (8,46,9.43), (46,47,10.0), (47,48,6.4), (48,7,7.28), (7,18,10.0), (18,5,11.18), (5,6,10.0), (6,13,7.07), (13,2,9.43), (2,28,20.88), (28,27,6.71), (27,31,12.65), (31,10,8.06), (10,32,10.3), (32,20,10.77), (20,30,7.07), (30,11,20.62), (11,19,7.07), (19,49,12.04), (49,36,8.94), (36,9,53.0), (9,35,9.43), (35,34,10.2), (34,25,35.0)]
Costo asociado:  578.63
-+-+-+-+-+-+-+-+-+ Lista TABÚ -+-+-+-+-+-+-+-+-+
Lista Tabu: [(19,1), (21,1), (23,1), (25,1), (27,2), (29,2), (31,2), (33,2), (35,3), (37,3), (39,3), (41,3), (43,4), (45,4), (47,4), (49,4), (42,1), (44,1), (46,1), (48,1), (4,10), (8,10), (2,7), (6,7), (12,11), (16,11), (10,8), (14,8), (20,12), (24,12), (18,9), (22,9), (5,13), (9,13), (28,13), (32,13), (3,10), (7,10), (26,10), (30,10)]
################################ 16 ####################################
Vertices:        [1, 50, 33, 3, 29, 24, 12, 26, 38, 21, 4, 39, 23, 22, 41, 15, 43, 42, 37, 16, 44, 14, 40, 17, 45, 8, 46, 47, 48, 7, 18, 5, 6, 13, 2, 28, 27, 31, 10, 30, 20, 32, 11, 19, 49, 36, 9, 35, 34, 25]
