############### GRAFO CARGADO #################
     1     2     3     4     5     6     7     8     9     10     11     12     13     14     15     16     17     18     19     20     21     22     23     24     25     26
1    999999999999    32.56    14.56    32.2    32.2    24.84    21.02    31.58    17.8    14.87    26.4    16.64    26.4    46.87    45.35    42.45    40.71    22.85    28.23    16.49    29.27    39.2    46.17    27.78    37.64    19.42    
2    32.56    999999999999    34.41    20.22    23.85    16.4    36.25    36.07    47.42    42.3    50.29    23.43    9.43    21.19    13.0    25.18    32.7    27.46    47.42    49.03    10.44    12.21    23.32    34.99    30.15    16.4    
3    14.56    34.41    999999999999    25.0    42.72    33.54    35.36    45.04    15.0    28.65    40.31    11.18    32.02    53.15    47.17    51.48    52.2    35.36    42.72    22.36    26.93    36.4    40.0    14.14    26.93    18.03    
4    32.2    20.22    25.0    999999999999    41.23    31.62    46.1    50.54    40.0    46.32    57.01    15.81    25.5    41.23    29.15    45.0    50.99    40.31    56.57    46.1    10.0    14.14    15.0    18.03    10.0    14.14    
5    32.2    23.85    42.72    41.23    999999999999    10.0    20.62    13.93    50.0    32.65    35.36    35.36    15.81    20.0    29.15    11.18    10.0    11.18    30.0    46.1    31.62    36.06    47.17    50.25    50.99    30.0    
6    24.84    16.4    33.54    31.62    10.0    999999999999    20.62    19.85    42.43    29.43    35.36    25.5    7.07    22.36    25.5    18.03    20.0    11.18    31.62    40.31    22.36    28.28    39.05    40.31    41.23    20.0    
7    21.02    36.25    35.36    46.1    20.62    20.62    999999999999    12.21    36.4    13.45    15.0    33.54    26.93    40.31    46.1    31.62    25.0    10.0    11.18    29.15    39.05    47.17    57.01    47.43    54.08    32.02    
8    31.58    36.07    45.04    50.54    13.93    19.85    12.21    999999999999    48.1    25.61    24.17    40.79    26.91    33.38    42.94    23.0    13.93    10.44    17.72    41.34    41.88    48.1    58.9    55.58    59.62    37.34    
9    17.8    47.42    15.0    40.0    50.0    42.43    36.4    48.1    999999999999    25.02    35.36    25.5    43.01    64.03    60.42    60.21    58.31    40.31    40.0    11.18    41.23    50.99    55.0    26.93    41.23    31.62    
10    14.87    42.3    28.65    46.32    32.65    29.43    13.45    25.61    25.02    999999999999    11.66    31.24    34.0    51.24    54.0    43.83    38.29    21.47    15.03    16.16    41.79    51.24    59.51    42.44    52.4    32.65    
11    26.4    50.29    40.31    57.01    35.36    35.36    15.0    24.17    35.36    11.66    999999999999    42.43    41.23    55.23    60.83    46.1    38.08    25.0    7.07    25.0    51.48    60.42    69.46    54.08    63.64    43.01    
12    16.64    23.43    11.18    15.81    35.36    25.5    33.54    40.79    25.5    31.24    42.43    999999999999    22.36    43.01    36.06    42.72    45.28    30.41    43.01    30.41    15.81    25.5    30.41    15.0    21.21    7.07    
13    26.4    9.43    32.02    25.5    15.81    7.07    26.93    26.91    43.01    34.0    41.23    22.36    999999999999    21.21    20.0    20.62    25.5    18.03    38.08    42.72    15.81    21.21    32.02    36.4    35.36    15.81    
14    46.87    21.19    53.15    41.23    20.0    22.36    40.31    33.38    64.03    51.24    55.23    43.01    21.21    999999999999    15.81    11.18    22.36    30.41    50.0    62.65    31.62    30.0    40.31    55.9    50.99    36.06    
15    45.35    13.0    47.17    29.15    29.15    25.5    46.1    42.94    60.42    54.0    60.83    36.06    20.0    15.81    999999999999    25.0    35.36    36.4    57.01    61.85    21.21    15.81    25.0    46.1    38.08    29.15    
16    42.45    25.18    51.48    45.0    11.18    18.03    31.62    23.0    60.21    43.83    46.1    42.72    20.62    11.18    25.0    999999999999    11.18    22.36    40.31    57.01    35.0    36.4    47.43    57.01    55.0    36.4    
17    40.71    32.7    52.2    50.99    10.0    20.0    25.0    13.93    58.31    38.29    38.08    45.28    25.5    22.36    35.36    11.18    999999999999    18.03    31.62    53.15    41.23    44.72    55.9    60.21    60.83    40.0    
18    22.85    27.46    35.36    40.31    11.18    11.18    10.0    10.44    40.31    21.47    25.0    30.41    18.03    30.41    36.4    22.36    18.03    999999999999    20.62    35.36    32.02    39.05    49.5    45.28    49.24    26.93    
19    28.23    47.42    42.72    56.57    30.0    31.62    11.18    17.72    40.0    15.03    7.07    43.01    38.08    50.0    57.01    40.31    31.62    20.62    999999999999    30.41    50.0    58.31    68.01    55.9    64.03    42.43    
20    16.49    49.03    22.36    46.1    46.1    40.31    29.15    41.34    11.18    16.16    25.0    30.41    42.72    62.65    61.85    57.01    53.15    35.36    30.41    999999999999    45.0    55.0    60.83    36.06    49.24    35.0    
21    29.27    10.44    26.93    10.0    31.62    22.36    39.05    41.88    41.23    41.79    51.48    15.81    15.81    31.62    21.21    35.0    41.23    32.02    50.0    45.0    999999999999    10.0    18.03    25.0    20.0    10.0    
22    39.2    12.21    36.4    14.14    36.06    28.28    47.17    48.1    50.99    51.24    60.42    25.5    21.21    30.0    15.81    36.4    44.72    39.05    58.31    55.0    10.0    999999999999    11.18    32.02    22.36    20.0    
23    46.17    23.32    40.0    15.0    47.17    39.05    57.01    58.9    55.0    59.51    69.46    30.41    32.02    40.31    25.0    47.43    55.9    49.5    68.01    60.83    18.03    11.18    999999999999    31.62    18.03    26.93    
24    27.78    34.99    14.14    18.03    50.25    40.31    47.43    55.58    26.93    42.44    54.08    15.0    36.4    55.9    46.1    57.01    60.21    45.28    55.9    36.06    25.0    32.02    31.62    999999999999    15.0    20.62    
25    37.64    30.15    26.93    10.0    50.99    41.23    54.08    59.62    41.23    52.4    63.64    21.21    35.36    50.99    38.08    55.0    60.83    49.24    64.03    49.24    20.0    22.36    18.03    15.0    999999999999    22.36    
26    19.42    16.4    18.03    14.14    30.0    20.0    32.02    37.34    31.62    32.65    43.01    7.07    15.81    36.06    29.15    36.4    40.0    26.93    42.43    35.0    10.0    20.0    26.93    20.62    22.36    999999999999    

################ SOLUCION INICIAL #################
Vértices de la solución: [1, 3, 12, 26, 21, 4, 25, 24, 9, 20, 10, 11, 19, 7, 18, 8, 5, 6, 13, 2, 22, 23, 15, 14, 16, 17]
Aristas de la solución: [(1,3,14.56), (3,12,11.18), (12,26,7.07), (26,21,10.0), (21,4,10.0), (4,25,10.0), (25,24,15.0), (24,9,26.93), (9,20,11.18), (20,10,16.16), (10,11,11.66), (11,19,7.07), (19,7,11.18), (7,18,10.0), (18,8,10.44), (8,5,13.93), (5,6,10.0), (6,13,7.07), (13,2,9.43), (2,22,12.21), (22,23,11.18), (23,15,25.0), (15,14,15.81), (14,16,11.18), (16,17,11.18)] 
Costo Asociado: 350.13
################################ 1 ####################################
Vértices de la solución: [1, 3, 12, 26, 23, 4, 25, 24, 9, 20, 10, 11, 19, 7, 18, 8, 5, 14, 13, 2, 22, 21, 15, 6, 16, 17]
Aristas de la solución: [(1,3,14.56), (3,12,11.18), (12,26,7.07), (26,23,26.93), (23,4,15.0), (4,25,10.0), (25,24,15.0), (24,9,26.93), (9,20,11.18), (20,10,16.16), (10,11,11.66), (11,19,7.07), (19,7,11.18), (7,18,10.0), (18,8,10.44), (8,5,13.93), (5,14,20.0), (14,13,21.21), (13,2,9.43), (2,22,12.21), (22,21,10.0), (21,15,21.21), (15,6,25.5), (6,16,18.03), (16,17,11.18)] 
Costo Asociado: 407.77
-+-+-+-+-+-+-+-+-+ Lista TABÚ -+-+-+-+-+-+-+-+-+
Lista Tabu: [(23,5), (14,5), (21,4), (6,4)]
################################ 2 ####################################
Vértices de la solución: [1, 3, 12, 26, 21, 4, 25, 24, 9, 20, 15, 11, 5, 7, 18, 8, 19, 6, 13, 2, 22, 23, 10, 14, 16, 17]
Aristas de la solución: [(1,3,14.56), (3,12,11.18), (12,26,7.07), (26,21,10.0), (21,4,10.0), (4,25,10.0), (25,24,15.0), (24,9,26.93), (9,20,11.18), (20,15,61.85), (15,11,60.83), (11,5,35.36), (5,7,20.62), (7,18,10.0), (18,8,10.44), (8,19,17.72), (19,6,31.62), (6,13,7.07), (13,2,9.43), (2,22,12.21), (22,23,11.18), (23,10,59.51), (10,14,51.24), (14,16,11.18), (16,17,11.18)] 
Costo Asociado: 578.0699999999999
-+-+-+-+-+-+-+-+-+ Lista TABÚ -+-+-+-+-+-+-+-+-+
Lista Tabu: [(23,4), (14,4), (21,3), (6,3), (19,5), (10,5), (5,4), (15,4)]
################################ 3 ####################################
Vértices de la solución: [1, 3, 12, 8, 21, 4, 25, 24, 9, 20, 10, 11, 19, 7, 18, 26, 5, 6, 13, 22, 2, 23, 15, 14, 16, 17]
Aristas de la solución: [(1,3,14.56), (3,12,11.18), (12,8,40.79), (8,21,41.88), (21,4,10.0), (4,25,10.0), (25,24,15.0), (24,9,26.93), (9,20,11.18), (20,10,16.16), (10,11,11.66), (11,19,7.07), (19,7,11.18), (7,18,10.0), (18,26,26.93), (26,5,30.0), (5,6,10.0), (6,13,7.07), (13,22,21.21), (22,2,12.21), (2,23,23.32), (23,15,25.0), (15,14,15.81), (14,16,11.18), (16,17,11.18)] 
Costo Asociado: 472.2099999999999
-+-+-+-+-+-+-+-+-+ Lista TABÚ -+-+-+-+-+-+-+-+-+
Lista Tabu: [(23,3), (14,3), (21,2), (6,2), (19,4), (10,4), (5,3), (15,3), (26,5), (22,5), (8,4), (2,4)]
################################ 4 ####################################
Vértices de la solución: [1, 24, 12, 26, 21, 20, 25, 3, 9, 4, 10, 11, 19, 7, 18, 8, 5, 6, 13, 2, 22, 23, 15, 14, 16, 17]
Aristas de la solución: [(1,24,27.78), (24,12,15.0), (12,26,7.07), (26,21,10.0), (21,20,45.0), (20,25,49.24), (25,3,26.93), (3,9,15.0), (9,4,40.0), (4,10,46.32), (10,11,11.66), (11,19,7.07), (19,7,11.18), (7,18,10.0), (18,8,10.44), (8,5,13.93), (5,6,10.0), (6,13,7.07), (13,2,9.43), (2,22,12.21), (22,23,11.18), (23,15,25.0), (15,14,15.81), (14,16,11.18), (16,17,11.18)] 
Costo Asociado: 500.39000000000004
-+-+-+-+-+-+-+-+-+ Lista TABÚ -+-+-+-+-+-+-+-+-+
Lista Tabu: [(23,2), (14,2), (21,1), (6,1), (19,3), (10,3), (5,2), (15,2), (26,4), (22,4), (8,3), (2,3), (24,5), (20,5), (3,4), (4,4)]
################################ 5 ####################################
Vértices de la solución: [1, 3, 7, 26, 21, 4, 25, 24, 11, 20, 10, 9, 19, 12, 18, 8, 5, 6, 13, 2, 22, 23, 15, 14, 16, 17]
Aristas de la solución: [(1,3,14.56), (3,7,35.36), (7,26,32.02), (26,21,10.0), (21,4,10.0), (4,25,10.0), (25,24,15.0), (24,11,54.08), (11,20,25.0), (20,10,16.16), (10,9,25.02), (9,19,40.0), (19,12,43.01), (12,18,30.41), (18,8,10.44), (8,5,13.93), (5,6,10.0), (6,13,7.07), (13,2,9.43), (2,22,12.21), (22,23,11.18), (23,15,25.0), (15,14,15.81), (14,16,11.18), (16,17,11.18)] 
Costo Asociado: 538.76
-+-+-+-+-+-+-+-+-+ Lista TABÚ -+-+-+-+-+-+-+-+-+
Lista Tabu: [(23,1), (14,1), (19,2), (10,2), (5,1), (15,1), (26,3), (22,3), (8,2), (2,2), (24,4), (20,4), (3,3), (4,3), (7,5), (11,5), (12,4), (9,4)]
################################ 6 ####################################
Vértices de la solución: [1, 3, 12, 26, 21, 4, 16, 24, 9, 20, 10, 11, 19, 7, 25, 8, 5, 6, 13, 2, 22, 23, 15, 14, 18, 17]
Aristas de la solución: [(1,3,14.56), (3,12,11.18), (12,26,7.07), (26,21,10.0), (21,4,10.0), (4,16,45.0), (16,24,57.01), (24,9,26.93), (9,20,11.18), (20,10,16.16), (10,11,11.66), (11,19,7.07), (19,7,11.18), (7,25,54.08), (25,8,59.62), (8,5,13.93), (5,6,10.0), (6,13,7.07), (13,2,9.43), (2,22,12.21), (22,23,11.18), (23,15,25.0), (15,14,15.81), (14,18,30.41), (18,17,18.03)] 
Costo Asociado: 546.48
-+-+-+-+-+-+-+-+-+ Lista TABÚ -+-+-+-+-+-+-+-+-+
Lista Tabu: [(19,1), (10,1), (26,2), (22,2), (8,1), (2,1), (24,3), (20,3), (3,2), (4,2), (7,4), (11,4), (12,3), (9,3), (16,5), (25,5), (18,4), (16,4)]
################################ 7 ####################################
Vértices de la solución: [1, 3, 12, 26, 6, 4, 25, 24, 9, 20, 10, 11, 19, 7, 18, 8, 5, 13, 21, 2, 22, 23, 15, 14, 16, 17]
Aristas de la solución: [(1,3,14.56), (3,12,11.18), (12,26,7.07), (26,6,20.0), (6,4,31.62), (4,25,10.0), (25,24,15.0), (24,9,26.93), (9,20,11.18), (20,10,16.16), (10,11,11.66), (11,19,7.07), (19,7,11.18), (7,18,10.0), (18,8,10.44), (8,5,13.93), (5,13,15.81), (13,21,15.81), (21,2,10.44), (2,22,12.21), (22,23,11.18), (23,15,25.0), (15,14,15.81), (14,16,11.18), (16,17,11.18)] 
Costo Asociado: 397.31
-+-+-+-+-+-+-+-+-+ Lista TABÚ -+-+-+-+-+-+-+-+-+
Lista Tabu: [(26,1), (22,1), (24,2), (20,2), (3,1), (4,1), (7,3), (11,3), (12,2), (9,2), (16,4), (25,4), (18,3), (16,3), (13,5), (6,5), (21,4), (13,4)]
################################ 8 ####################################
Vértices de la solución: [1, 3, 12, 26, 21, 4, 25, 24, 9, 20, 2, 11, 17, 7, 18, 8, 5, 6, 13, 10, 22, 23, 15, 14, 16, 19]
Aristas de la solución: [(1,3,14.56), (3,12,11.18), (12,26,7.07), (26,21,10.0), (21,4,10.0), (4,25,10.0), (25,24,15.0), (24,9,26.93), (9,20,11.18), (20,2,49.03), (2,11,50.29), (11,17,38.08), (17,7,25.0), (7,18,10.0), (18,8,10.44), (8,5,13.93), (5,6,10.0), (6,13,7.07), (13,10,34.0), (10,22,51.24), (22,23,11.18), (23,15,25.0), (15,14,15.81), (14,16,11.18), (16,19,40.31)] 
Costo Asociado: 546.71
-+-+-+-+-+-+-+-+-+ Lista TABÚ -+-+-+-+-+-+-+-+-+
Lista Tabu: [(24,1), (20,1), (7,2), (11,2), (12,1), (9,1), (16,3), (25,3), (18,2), (16,2), (13,4), (6,4), (21,3), (13,3), (17,5), (2,5), (19,4), (10,4)]
################################ 9 ####################################
Vértices de la solución: [1, 3, 12, 26, 21, 15, 25, 24, 9, 20, 10, 11, 19, 7, 18, 8, 14, 6, 13, 2, 22, 23, 4, 5, 16, 17]
Aristas de la solución: [(1,3,14.56), (3,12,11.18), (12,26,7.07), (26,21,10.0), (21,15,21.21), (15,25,38.08), (25,24,15.0), (24,9,26.93), (9,20,11.18), (20,10,16.16), (10,11,11.66), (11,19,7.07), (19,7,11.18), (7,18,10.0), (18,8,10.44), (8,14,33.38), (14,6,22.36), (6,13,7.07), (13,2,9.43), (2,22,12.21), (22,23,11.18), (23,4,15.0), (4,5,41.23), (5,16,11.18), (16,17,11.18)] 
Costo Asociado: 436.65
-+-+-+-+-+-+-+-+-+ Lista TABÚ -+-+-+-+-+-+-+-+-+
Lista Tabu: [(7,1), (11,1), (16,2), (25,2), (18,1), (16,1), (13,3), (6,3), (21,2), (13,2), (17,4), (2,4), (19,3), (10,3), (4,5), (14,5), (15,4), (5,4)]
################################ 10 ####################################
Vértices de la solución: [1, 3, 12, 24, 21, 4, 25, 26, 9, 8, 10, 11, 19, 7, 18, 20, 5, 6, 13, 2, 22, 23, 15, 14, 16, 17]
Aristas de la solución: [(1,3,14.56), (3,12,11.18), (12,24,15.0), (24,21,25.0), (21,4,10.0), (4,25,10.0), (25,26,22.36), (26,9,31.62), (9,8,48.1), (8,10,25.61), (10,11,11.66), (11,19,7.07), (19,7,11.18), (7,18,10.0), (18,20,35.36), (20,5,46.1), (5,6,10.0), (6,13,7.07), (13,2,9.43), (2,22,12.21), (22,23,11.18), (23,15,25.0), (15,14,15.81), (14,16,11.18), (16,17,11.18)] 
Costo Asociado: 488.57
-+-+-+-+-+-+-+-+-+ Lista TABÚ -+-+-+-+-+-+-+-+-+
Lista Tabu: [(16,1), (25,1), (13,2), (6,2), (21,1), (13,1), (17,3), (2,3), (19,2), (10,2), (4,4), (14,4), (15,3), (5,3), (24,5), (20,5), (26,4), (8,4)]
################################ 11 ####################################
Vértices de la solución: [1, 3, 12, 26, 21, 4, 25, 24, 9, 20, 10, 11, 19, 7, 18, 8, 5, 6, 13, 2, 22, 23, 15, 14, 16, 17]
Aristas de la solución: [(1,3,14.56), (3,12,11.18), (12,26,7.07), (26,21,10.0), (21,4,10.0), (4,25,10.0), (25,24,15.0), (24,9,26.93), (9,20,11.18), (20,10,16.16), (10,11,11.66), (11,19,7.07), (19,7,11.18), (7,18,10.0), (18,8,10.44), (8,5,13.93), (5,6,10.0), (6,13,7.07), (13,2,9.43), (2,22,12.21), (22,23,11.18), (23,15,25.0), (15,14,15.81), (14,16,11.18), (16,17,11.18)] 
Costo Asociado: 350.13
-+-+-+-+-+-+-+-+-+ Lista TABÚ -+-+-+-+-+-+-+-+-+
Lista Tabu: [(13,1), (6,1), (17,2), (2,2), (19,1), (10,1), (4,3), (14,3), (15,2), (5,2), (24,4), (20,4), (26,3), (8,3), (3,5), (12,5), (3,4), (12,4)]
################################ 12 ####################################
Vértices de la solución: [1, 3, 12, 26, 21, 4, 25, 24, 18, 20, 10, 11, 19, 7, 22, 8, 5, 6, 13, 2, 9, 23, 15, 14, 16, 17]
Aristas de la solución: [(1,3,14.56), (3,12,11.18), (12,26,7.07), (26,21,10.0), (21,4,10.0), (4,25,10.0), (25,24,15.0), (24,18,45.28), (18,20,35.36), (20,10,16.16), (10,11,11.66), (11,19,7.07), (19,7,11.18), (7,22,47.17), (22,8,48.1), (8,5,13.93), (5,6,10.0), (6,13,7.07), (13,2,9.43), (2,9,47.42), (9,23,55.0), (23,15,25.0), (15,14,15.81), (14,16,11.18), (16,17,11.18)] 
Costo Asociado: 546.5200000000001
-+-+-+-+-+-+-+-+-+ Lista TABÚ -+-+-+-+-+-+-+-+-+
Lista Tabu: [(17,1), (2,1), (4,2), (14,2), (15,1), (5,1), (24,3), (20,3), (26,2), (8,2), (3,4), (12,4), (3,3), (12,3), (22,5), (9,5), (18,4), (18,4)]
################################ 13 ####################################
Vértices de la solución: [1, 3, 12, 26, 21, 4, 25, 24, 9, 20, 10, 16, 19, 7, 18, 8, 5, 13, 6, 2, 22, 23, 15, 14, 11, 17]
Aristas de la solución: [(1,3,14.56), (3,12,11.18), (12,26,7.07), (26,21,10.0), (21,4,10.0), (4,25,10.0), (25,24,15.0), (24,9,26.93), (9,20,11.18), (20,10,16.16), (10,16,43.83), (16,19,40.31), (19,7,11.18), (7,18,10.0), (18,8,10.44), (8,5,13.93), (5,13,15.81), (13,6,7.07), (6,2,16.4), (2,22,12.21), (22,23,11.18), (23,15,25.0), (15,14,15.81), (14,11,55.23), (11,17,38.08)] 
Costo Asociado: 499.27
-+-+-+-+-+-+-+-+-+ Lista TABÚ -+-+-+-+-+-+-+-+-+
Lista Tabu: [(4,1), (14,1), (24,2), (20,2), (26,1), (8,1), (3,3), (12,3), (3,2), (12,2), (22,4), (9,4), (18,3), (18,3), (13,5), (16,5), (6,4), (11,4)]
################################ 14 ####################################
Vértices de la solución: [1, 3, 12, 26, 10, 4, 25, 24, 9, 20, 21, 11, 19, 7, 18, 8, 15, 6, 13, 2, 22, 23, 5, 14, 16, 17]
Aristas de la solución: [(1,3,14.56), (3,12,11.18), (12,26,7.07), (26,10,32.65), (10,4,46.32), (4,25,10.0), (25,24,15.0), (24,9,26.93), (9,20,11.18), (20,21,45.0), (21,11,51.48), (11,19,7.07), (19,7,11.18), (7,18,10.0), (18,8,10.44), (8,15,42.94), (15,6,25.5), (6,13,7.07), (13,2,9.43), (2,22,12.21), (22,23,11.18), (23,5,47.17), (5,14,20.0), (14,16,11.18), (16,17,11.18)] 
Costo Asociado: 548.63
-+-+-+-+-+-+-+-+-+ Lista TABÚ -+-+-+-+-+-+-+-+-+
Lista Tabu: [(24,1), (20,1), (3,2), (12,2), (3,1), (12,1), (22,3), (9,3), (18,2), (18,2), (13,4), (16,4), (6,3), (11,3), (10,5), (5,5), (21,4), (15,4)]
################################ 15 ####################################
Vértices de la solución: [1, 3, 12, 7, 21, 4, 2, 24, 9, 20, 10, 11, 19, 26, 18, 8, 5, 6, 13, 25, 22, 23, 15, 14, 16, 17]
Aristas de la solución: [(1,3,14.56), (3,12,11.18), (12,7,33.54), (7,21,39.05), (21,4,10.0), (4,2,20.22), (2,24,34.99), (24,9,26.93), (9,20,11.18), (20,10,16.16), (10,11,11.66), (11,19,7.07), (19,26,42.43), (26,18,26.93), (18,8,10.44), (8,5,13.93), (5,6,10.0), (6,13,7.07), (13,25,35.36), (25,22,22.36), (22,23,11.18), (23,15,25.0), (15,14,15.81), (14,16,11.18), (16,17,11.18)] 
Costo Asociado: 520.1200000000001
-+-+-+-+-+-+-+-+-+ Lista TABÚ -+-+-+-+-+-+-+-+-+
Lista Tabu: [(3,1), (12,1), (22,2), (9,2), (18,1), (18,1), (13,3), (16,3), (6,2), (11,2), (10,4), (5,4), (21,3), (15,3), (26,5), (2,5), (7,4), (25,4)]
################################ 16 ####################################
Vértices de la solución: [1, 3, 12, 26, 21, 4, 25, 24, 9, 20, 10, 11, 14, 7, 18, 8, 5, 6, 13, 2, 22, 19, 15, 23, 16, 17]
Aristas de la solución: [(1,3,14.56), (3,12,11.18), (12,26,7.07), (26,21,10.0), (21,4,10.0), (4,25,10.0), (25,24,15.0), (24,9,26.93), (9,20,11.18), (20,10,16.16), (10,11,11.66), (11,14,55.23), (14,7,40.31), (7,18,10.0), (18,8,10.44), (8,5,13.93), (5,6,10.0), (6,13,7.07), (13,2,9.43), (2,22,12.21), (22,19,58.31), (19,15,57.01), (15,23,25.0), (23,16,47.43), (16,17,11.18)] 
Costo Asociado: 552.0
-+-+-+-+-+-+-+-+-+ Lista TABÚ -+-+-+-+-+-+-+-+-+
Lista Tabu: [(22,1), (9,1), (13,2), (16,2), (6,1), (11,1), (10,3), (5,3), (21,2), (15,2), (26,4), (2,4), (7,3), (25,3), (14,5), (19,5), (23,4), (14,4)]
################################ 17 ####################################
Vértices de la solución: [1, 3, 8, 26, 21, 4, 25, 24, 9, 20, 10, 11, 19, 7, 12, 18, 5, 6, 13, 2, 22, 23, 15, 14, 16, 17]
Aristas de la solución: [(1,3,14.56), (3,8,45.04), (8,26,37.34), (26,21,10.0), (21,4,10.0), (4,25,10.0), (25,24,15.0), (24,9,26.93), (9,20,11.18), (20,10,16.16), (10,11,11.66), (11,19,7.07), (19,7,11.18), (7,12,33.54), (12,18,30.41), (18,5,11.18), (5,6,10.0), (6,13,7.07), (13,2,9.43), (2,22,12.21), (22,23,11.18), (23,15,25.0), (15,14,15.81), (14,16,11.18), (16,17,11.18)] 
Costo Asociado: 455.02000000000004
-+-+-+-+-+-+-+-+-+ Lista TABÚ -+-+-+-+-+-+-+-+-+
Lista Tabu: [(13,1), (16,1), (10,2), (5,2), (21,1), (15,1), (26,3), (2,3), (7,2), (25,2), (14,4), (19,4), (23,3), (14,3), (12,5), (18,5), (8,4), (12,4)]
################################ 18 ####################################
Vértices de la solución: [1, 3, 12, 26, 21, 4, 25, 24, 9, 20, 10, 11, 19, 7, 18, 8, 5, 22, 13, 2, 6, 23, 15, 14, 16, 17]
Aristas de la solución: [(1,3,14.56), (3,12,11.18), (12,26,7.07), (26,21,10.0), (21,4,10.0), (4,25,10.0), (25,24,15.0), (24,9,26.93), (9,20,11.18), (20,10,16.16), (10,11,11.66), (11,19,7.07), (19,7,11.18), (7,18,10.0), (18,8,10.44), (8,5,13.93), (5,22,36.06), (22,13,21.21), (13,2,9.43), (2,6,16.4), (6,23,39.05), (23,15,25.0), (15,14,15.81), (14,16,11.18), (16,17,11.18)] 
Costo Asociado: 422.39
-+-+-+-+-+-+-+-+-+ Lista TABÚ -+-+-+-+-+-+-+-+-+
Lista Tabu: [(10,1), (5,1), (26,2), (2,2), (7,1), (25,1), (14,3), (19,3), (23,2), (14,2), (12,4), (18,4), (8,3), (12,3), (17,5), (6,5), (17,4), (22,4)]
################################ 19 ####################################
Vértices de la solución: [1, 3, 12, 26, 20, 4, 25, 24, 9, 21, 10, 11, 19, 7, 18, 8, 5, 6, 15, 2, 22, 23, 13, 14, 16, 17]
Aristas de la solución: [(1,3,14.56), (3,12,11.18), (12,26,7.07), (26,20,35.0), (20,4,46.1), (4,25,10.0), (25,24,15.0), (24,9,26.93), (9,21,41.23), (21,10,41.79), (10,11,11.66), (11,19,7.07), (19,7,11.18), (7,18,10.0), (18,8,10.44), (8,5,13.93), (5,6,10.0), (6,15,25.5), (15,2,13.0), (2,22,12.21), (22,23,11.18), (23,13,32.02), (13,14,21.21), (14,16,11.18), (16,17,11.18)] 
Costo Asociado: 501.3299999999999
-+-+-+-+-+-+-+-+-+ Lista TABÚ -+-+-+-+-+-+-+-+-+
Lista Tabu: [(26,1), (2,1), (14,2), (19,2), (23,1), (14,1), (12,3), (18,3), (8,2), (12,2), (17,4), (6,4), (17,3), (22,3), (21,5), (15,5), (20,4), (13,4)]
################################ 20 ####################################
Vértices de la solución: [1, 3, 12, 26, 21, 4, 25, 24, 11, 20, 10, 9, 19, 16, 18, 8, 5, 6, 13, 2, 22, 23, 15, 14, 7, 17]
Aristas de la solución: [(1,3,14.56), (3,12,11.18), (12,26,7.07), (26,21,10.0), (21,4,10.0), (4,25,10.0), (25,24,15.0), (24,11,54.08), (11,20,25.0), (20,10,16.16), (10,9,25.02), (9,19,40.0), (19,16,40.31), (16,18,22.36), (18,8,10.44), (8,5,13.93), (5,6,10.0), (6,13,7.07), (13,2,9.43), (2,22,12.21), (22,23,11.18), (23,15,25.0), (15,14,15.81), (14,7,40.31), (7,17,25.0)] 
Costo Asociado: 521.83
-+-+-+-+-+-+-+-+-+ Lista TABÚ -+-+-+-+-+-+-+-+-+
Lista Tabu: [(14,1), (19,1), (12,2), (18,2), (8,1), (12,1), (17,3), (6,3), (17,2), (22,2), (21,4), (15,4), (20,3), (13,3), (11,5), (7,5), (9,4), (16,4)]
################################ 21 ####################################
Vértices de la solución: [1, 3, 12, 26, 21, 23, 25, 24, 9, 20, 4, 11, 19, 7, 18, 8, 5, 6, 13, 2, 22, 10, 15, 14, 16, 17]
Aristas de la solución: [(1,3,14.56), (3,12,11.18), (12,26,7.07), (26,21,10.0), (21,23,18.03), (23,25,18.03), (25,24,15.0), (24,9,26.93), (9,20,11.18), (20,4,46.1), (4,11,57.01), (11,19,7.07), (19,7,11.18), (7,18,10.0), (18,8,10.44), (8,5,13.93), (5,6,10.0), (6,13,7.07), (13,2,9.43), (2,22,12.21), (22,10,51.24), (10,15,54.0), (15,14,15.81), (14,16,11.18), (16,17,11.18)] 
Costo Asociado: 510.54
-+-+-+-+-+-+-+-+-+ Lista TABÚ -+-+-+-+-+-+-+-+-+
Lista Tabu: [(12,1), (18,1), (17,2), (6,2), (17,1), (22,1), (21,3), (15,3), (20,2), (13,2), (11,4), (7,4), (9,3), (16,3), (4,5), (10,5), (10,4), (23,4)]
################################ 22 ####################################
Vértices de la solución: [1, 26, 12, 3, 21, 4, 25, 24, 9, 20, 10, 11, 19, 7, 18, 8, 14, 6, 13, 2, 22, 23, 15, 5, 16, 17]
Aristas de la solución: [(1,26,19.42), (26,12,7.07), (12,3,11.18), (3,21,26.93), (21,4,10.0), (4,25,10.0), (25,24,15.0), (24,9,26.93), (9,20,11.18), (20,10,16.16), (10,11,11.66), (11,19,7.07), (19,7,11.18), (7,18,10.0), (18,8,10.44), (8,14,33.38), (14,6,22.36), (6,13,7.07), (13,2,9.43), (2,22,12.21), (22,23,11.18), (23,15,25.0), (15,5,29.15), (5,16,11.18), (16,17,11.18)] 
Costo Asociado: 417.06999999999994
-+-+-+-+-+-+-+-+-+ Lista TABÚ -+-+-+-+-+-+-+-+-+
Lista Tabu: [(17,1), (6,1), (21,2), (15,2), (20,1), (13,1), (11,3), (7,3), (9,2), (16,2), (4,4), (10,4), (10,3), (23,3), (26,5), (14,5), (3,4), (5,4)]
################################ 23 ####################################
Vértices de la solución: [1, 3, 12, 26, 21, 4, 25, 18, 9, 20, 10, 11, 8, 7, 24, 19, 5, 6, 13, 2, 22, 23, 15, 14, 16, 17]
Aristas de la solución: [(1,3,14.56), (3,12,11.18), (12,26,7.07), (26,21,10.0), (21,4,10.0), (4,25,10.0), (25,18,49.24), (18,9,40.31), (9,20,11.18), (20,10,16.16), (10,11,11.66), (11,8,24.17), (8,7,12.21), (7,24,47.43), (24,19,55.9), (19,5,30.0), (5,6,10.0), (6,13,7.07), (13,2,9.43), (2,22,12.21), (22,23,11.18), (23,15,25.0), (15,14,15.81), (14,16,11.18), (16,17,11.18)] 
Costo Asociado: 514.84
-+-+-+-+-+-+-+-+-+ Lista TABÚ -+-+-+-+-+-+-+-+-+
Lista Tabu: [(21,1), (15,1), (11,2), (7,2), (9,1), (16,1), (4,3), (10,3), (10,2), (23,2), (26,4), (14,4), (3,3), (5,3), (24,5), (19,5), (18,4), (8,4)]
################################ 24 ####################################
Vértices de la solución: [1, 3, 12, 26, 21, 4, 25, 24, 9, 2, 10, 11, 19, 7, 18, 8, 5, 6, 22, 20, 13, 23, 15, 14, 16, 17]
Aristas de la solución: [(1,3,14.56), (3,12,11.18), (12,26,7.07), (26,21,10.0), (21,4,10.0), (4,25,10.0), (25,24,15.0), (24,9,26.93), (9,2,47.42), (2,10,42.3), (10,11,11.66), (11,19,7.07), (19,7,11.18), (7,18,10.0), (18,8,10.44), (8,5,13.93), (5,6,10.0), (6,22,28.28), (22,20,55.0), (20,13,42.72), (13,23,32.02), (23,15,25.0), (15,14,15.81), (14,16,11.18), (16,17,11.18)] 
Costo Asociado: 530.64
-+-+-+-+-+-+-+-+-+ Lista TABÚ -+-+-+-+-+-+-+-+-+
Lista Tabu: [(11,1), (7,1), (4,2), (10,2), (10,1), (23,1), (26,3), (14,3), (3,2), (5,2), (24,4), (19,4), (18,3), (8,3), (2,5), (13,5), (20,4), (22,4)]
################################ 25 ####################################
Vértices de la solución: [1, 3, 6, 26, 21, 4, 25, 24, 9, 20, 10, 11, 19, 7, 18, 8, 5, 12, 13, 2, 22, 23, 17, 14, 16, 15]
Aristas de la solución: [(1,3,14.56), (3,6,33.54), (6,26,20.0), (26,21,10.0), (21,4,10.0), (4,25,10.0), (25,24,15.0), (24,9,26.93), (9,20,11.18), (20,10,16.16), (10,11,11.66), (11,19,7.07), (19,7,11.18), (7,18,10.0), (18,8,10.44), (8,5,13.93), (5,12,35.36), (12,13,22.36), (13,2,9.43), (2,22,12.21), (22,23,11.18), (23,17,55.9), (17,14,22.36), (14,16,11.18), (16,15,25.0)] 
Costo Asociado: 481.98
-+-+-+-+-+-+-+-+-+ Lista TABÚ -+-+-+-+-+-+-+-+-+
Lista Tabu: [(4,1), (10,1), (26,2), (14,2), (3,1), (5,1), (24,3), (19,3), (18,2), (8,2), (2,4), (13,4), (20,3), (22,3), (6,5), (17,5), (12,4), (15,4)]
################################ 26 ####################################
Vértices de la solución: [1, 3, 12, 26, 7, 4, 25, 24, 21, 20, 10, 11, 19, 9, 18, 8, 5, 6, 13, 2, 22, 23, 15, 14, 16, 17]
Aristas de la solución: [(1,3,14.56), (3,12,11.18), (12,26,7.07), (26,7,32.02), (7,4,46.1), (4,25,10.0), (25,24,15.0), (24,21,25.0), (21,20,45.0), (20,10,16.16), (10,11,11.66), (11,19,7.07), (19,9,40.0), (9,18,40.31), (18,8,10.44), (8,5,13.93), (5,6,10.0), (6,13,7.07), (13,2,9.43), (2,22,12.21), (22,23,11.18), (23,15,25.0), (15,14,15.81), (14,16,11.18), (16,17,11.18)] 
Costo Asociado: 499.27
-+-+-+-+-+-+-+-+-+ Lista TABÚ -+-+-+-+-+-+-+-+-+
Lista Tabu: [(26,1), (14,1), (24,2), (19,2), (18,1), (8,1), (2,3), (13,3), (20,2), (22,2), (6,4), (17,4), (12,3), (15,3), (9,5), (7,5), (21,4), (9,4)]
################################ 27 ####################################
Vértices de la solución: [1, 3, 12, 26, 21, 4, 10, 24, 9, 20, 25, 16, 19, 7, 18, 8, 5, 6, 13, 2, 22, 23, 15, 14, 11, 17]
Aristas de la solución: [(1,3,14.56), (3,12,11.18), (12,26,7.07), (26,21,10.0), (21,4,10.0), (4,10,46.32), (10,24,42.44), (24,9,26.93), (9,20,11.18), (20,25,49.24), (25,16,55.0), (16,19,40.31), (19,7,11.18), (7,18,10.0), (18,8,10.44), (8,5,13.93), (5,6,10.0), (6,13,7.07), (13,2,9.43), (2,22,12.21), (22,23,11.18), (23,15,25.0), (15,14,15.81), (14,11,55.23), (11,17,38.08)] 
Costo Asociado: 594.5000000000001
-+-+-+-+-+-+-+-+-+ Lista TABÚ -+-+-+-+-+-+-+-+-+
Lista Tabu: [(24,1), (19,1), (2,2), (13,2), (20,1), (22,1), (6,3), (17,3), (12,2), (15,2), (9,4), (7,4), (21,3), (9,3), (16,5), (25,5), (11,4), (10,4)]
################################ 28 ####################################
Vértices de la solución: [1, 3, 12, 8, 21, 4, 25, 24, 9, 20, 10, 11, 19, 7, 14, 26, 5, 6, 13, 2, 22, 23, 15, 18, 16, 17]
Aristas de la solución: [(1,3,14.56), (3,12,11.18), (12,8,40.79), (8,21,41.88), (21,4,10.0), (4,25,10.0), (25,24,15.0), (24,9,26.93), (9,20,11.18), (20,10,16.16), (10,11,11.66), (11,19,7.07), (19,7,11.18), (7,14,40.31), (14,26,36.06), (26,5,30.0), (5,6,10.0), (6,13,7.07), (13,2,9.43), (2,22,12.21), (22,23,11.18), (23,15,25.0), (15,18,36.4), (18,16,22.36), (16,17,11.18)] 
Costo Asociado: 519.5
-+-+-+-+-+-+-+-+-+ Lista TABÚ -+-+-+-+-+-+-+-+-+
Lista Tabu: [(2,1), (13,1), (6,2), (17,2), (12,1), (15,1), (9,3), (7,3), (21,2), (9,2), (16,4), (25,4), (11,3), (10,3), (18,5), (26,5), (14,4), (8,4)]
################################ 29 ####################################
Vértices de la solución: [1, 3, 12, 26, 21, 4, 25, 5, 9, 20, 10, 11, 19, 7, 18, 8, 24, 6, 13, 2, 22, 23, 15, 14, 16, 17]
Aristas de la solución: [(1,3,14.56), (3,12,11.18), (12,26,7.07), (26,21,10.0), (21,4,10.0), (4,25,10.0), (25,5,50.99), (5,9,50.0), (9,20,11.18), (20,10,16.16), (10,11,11.66), (11,19,7.07), (19,7,11.18), (7,18,10.0), (18,8,10.44), (8,24,55.58), (24,6,40.31), (6,13,7.07), (13,2,9.43), (2,22,12.21), (22,23,11.18), (23,15,25.0), (15,14,15.81), (14,16,11.18), (16,17,11.18)] 
Costo Asociado: 481.15
-+-+-+-+-+-+-+-+-+ Lista TABÚ -+-+-+-+-+-+-+-+-+
Lista Tabu: [(6,1), (17,1), (9,2), (7,2), (21,1), (9,1), (16,3), (25,3), (11,2), (10,2), (18,4), (26,4), (14,3), (8,3), (5,5), (3,5), (24,4), (3,4)]
################################ 30 ####################################
Vértices de la solución: [1, 3, 12, 26, 21, 4, 25, 24, 9, 2, 10, 11, 20, 7, 18, 8, 5, 6, 13, 19, 22, 23, 15, 14, 16, 17]
Aristas de la solución: [(1,3,14.56), (3,12,11.18), (12,26,7.07), (26,21,10.0), (21,4,10.0), (4,25,10.0), (25,24,15.0), (24,9,26.93), (9,2,47.42), (2,10,42.3), (10,11,11.66), (11,20,25.0), (20,7,29.15), (7,18,10.0), (18,8,10.44), (8,5,13.93), (5,6,10.0), (6,13,7.07), (13,19,38.08), (19,22,58.31), (22,23,11.18), (23,15,25.0), (15,14,15.81), (14,16,11.18), (16,17,11.18)] 
Costo Asociado: 523.1600000000001
-+-+-+-+-+-+-+-+-+ Lista TABÚ -+-+-+-+-+-+-+-+-+
Lista Tabu: [(9,1), (7,1), (16,2), (25,2), (11,1), (10,1), (18,3), (26,3), (14,2), (8,2), (5,4), (3,4), (24,3), (3,3), (20,5), (2,5), (19,4), (19,4)]
################################ 31 ####################################
Vértices de la solución: [1, 3, 12, 26, 13, 4, 25, 24, 9, 20, 10, 11, 19, 7, 18, 8, 5, 6, 21, 2, 17, 23, 15, 14, 16, 22]
Aristas de la solución: [(1,3,14.56), (3,12,11.18), (12,26,7.07), (26,13,15.81), (13,4,25.5), (4,25,10.0), (25,24,15.0), (24,9,26.93), (9,20,11.18), (20,10,16.16), (10,11,11.66), (11,19,7.07), (19,7,11.18), (7,18,10.0), (18,8,10.44), (8,5,13.93), (5,6,10.0), (6,21,22.36), (21,2,10.44), (2,17,32.7), (17,23,55.9), (23,15,25.0), (15,14,15.81), (14,16,11.18), (16,22,36.4)] 
Costo Asociado: 476.65999999999997
-+-+-+-+-+-+-+-+-+ Lista TABÚ -+-+-+-+-+-+-+-+-+
Lista Tabu: [(16,1), (25,1), (18,2), (26,2), (14,1), (8,1), (5,3), (3,3), (24,2), (3,2), (20,4), (2,4), (19,3), (19,3), (13,5), (22,5), (21,4), (17,4)]
################################ 32 ####################################
Vértices de la solución: [1, 3, 12, 26, 21, 10, 25, 24, 9, 20, 4, 7, 19, 11, 18, 8, 5, 6, 13, 2, 22, 23, 15, 14, 16, 17]
Aristas de la solución: [(1,3,14.56), (3,12,11.18), (12,26,7.07), (26,21,10.0), (21,10,41.79), (10,25,52.4), (25,24,15.0), (24,9,26.93), (9,20,11.18), (20,4,46.1), (4,7,46.1), (7,19,11.18), (19,11,7.07), (11,18,25.0), (18,8,10.44), (8,5,13.93), (5,6,10.0), (6,13,7.07), (13,2,9.43), (2,22,12.21), (22,23,11.18), (23,15,25.0), (15,14,15.81), (14,16,11.18), (16,17,11.18)] 
Costo Asociado: 503.7
-+-+-+-+-+-+-+-+-+ Lista TABÚ -+-+-+-+-+-+-+-+-+
Lista Tabu: [(18,1), (26,1), (5,2), (3,2), (24,1), (3,1), (20,3), (2,3), (19,2), (19,2), (13,4), (22,4), (21,3), (17,3), (4,5), (7,5), (10,4), (11,4)]
################################ 33 ####################################
Vértices de la solución: [1, 3, 9, 26, 21, 4, 25, 24, 12, 20, 10, 11, 19, 7, 18, 8, 5, 14, 13, 2, 22, 23, 15, 6, 16, 17]
Aristas de la solución: [(1,3,14.56), (3,9,15.0), (9,26,31.62), (26,21,10.0), (21,4,10.0), (4,25,10.0), (25,24,15.0), (24,12,15.0), (12,20,30.41), (20,10,16.16), (10,11,11.66), (11,19,7.07), (19,7,11.18), (7,18,10.0), (18,8,10.44), (8,5,13.93), (5,14,20.0), (14,13,21.21), (13,2,9.43), (2,22,12.21), (22,23,11.18), (23,15,25.0), (15,6,25.5), (6,16,18.03), (16,17,11.18)] 
Costo Asociado: 426.48
-+-+-+-+-+-+-+-+-+ Lista TABÚ -+-+-+-+-+-+-+-+-+
Lista Tabu: [(5,1), (3,1), (20,2), (2,2), (19,1), (19,1), (13,3), (22,3), (21,2), (17,2), (4,4), (7,4), (10,3), (11,3), (9,5), (14,5), (12,4), (6,4)]
################################ 34 ####################################
Vértices de la solución: [1, 3, 12, 26, 21, 4, 8, 18, 9, 20, 10, 11, 19, 7, 24, 25, 5, 6, 13, 2, 22, 23, 15, 14, 16, 17]
Aristas de la solución: [(1,3,14.56), (3,12,11.18), (12,26,7.07), (26,21,10.0), (21,4,10.0), (4,8,50.54), (8,18,10.44), (18,9,40.31), (9,20,11.18), (20,10,16.16), (10,11,11.66), (11,19,7.07), (19,7,11.18), (7,24,47.43), (24,25,15.0), (25,5,50.99), (5,6,10.0), (6,13,7.07), (13,2,9.43), (2,22,12.21), (22,23,11.18), (23,15,25.0), (15,14,15.81), (14,16,11.18), (16,17,11.18)] 
Costo Asociado: 478.53999999999996
-+-+-+-+-+-+-+-+-+ Lista TABÚ -+-+-+-+-+-+-+-+-+
Lista Tabu: [(20,1), (2,1), (13,2), (22,2), (21,1), (17,1), (4,3), (7,3), (10,2), (11,2), (9,4), (14,4), (12,3), (6,3), (24,5), (25,5), (18,4), (8,4)]
################################ 35 ####################################
Vértices de la solución: [1, 3, 12, 19, 21, 4, 25, 24, 9, 20, 10, 11, 26, 7, 18, 8, 5, 6, 13, 2, 22, 15, 23, 14, 16, 17]
Aristas de la solución: [(1,3,14.56), (3,12,11.18), (12,19,43.01), (19,21,50.0), (21,4,10.0), (4,25,10.0), (25,24,15.0), (24,9,26.93), (9,20,11.18), (20,10,16.16), (10,11,11.66), (11,26,43.01), (26,7,32.02), (7,18,10.0), (18,8,10.44), (8,5,13.93), (5,6,10.0), (6,13,7.07), (13,2,9.43), (2,22,12.21), (22,15,15.81), (15,23,25.0), (23,14,40.31), (14,16,11.18), (16,17,11.18)] 
Costo Asociado: 511.97999999999996
-+-+-+-+-+-+-+-+-+ Lista TABÚ -+-+-+-+-+-+-+-+-+
Lista Tabu: [(13,1), (22,1), (4,2), (7,2), (10,1), (11,1), (9,3), (14,3), (12,2), (6,2), (24,4), (25,4), (18,3), (8,3), (26,5), (15,5), (19,4), (23,4)]
################################ 36 ####################################
Vértices de la solución: [1, 3, 12, 26, 21, 4, 25, 24, 9, 20, 10, 11, 19, 7, 18, 8, 17, 6, 13, 2, 22, 23, 15, 14, 16, 5]
Aristas de la solución: [(1,3,14.56), (3,12,11.18), (12,26,7.07), (26,21,10.0), (21,4,10.0), (4,25,10.0), (25,24,15.0), (24,9,26.93), (9,20,11.18), (20,10,16.16), (10,11,11.66), (11,19,7.07), (19,7,11.18), (7,18,10.0), (18,8,10.44), (8,17,13.93), (17,6,20.0), (6,13,7.07), (13,2,9.43), (2,22,12.21), (22,23,11.18), (23,15,25.0), (15,14,15.81), (14,16,11.18), (16,5,11.18)] 
Costo Asociado: 351.62
-+-+-+-+-+-+-+-+-+ Lista TABÚ -+-+-+-+-+-+-+-+-+
Lista Tabu: [(4,1), (7,1), (9,2), (14,2), (12,1), (6,1), (24,3), (25,3), (18,2), (8,2), (26,4), (15,4), (19,3), (23,3), (5,5), (2,5), (17,4), (2,4)]
################################ 37 ####################################
Vértices de la solución: [1, 3, 12, 26, 21, 4, 25, 24, 9, 20, 10, 11, 19, 7, 18, 8, 5, 6, 13, 2, 22, 23, 15, 14, 16, 17]
Aristas de la solución: [(1,3,14.56), (3,12,11.18), (12,26,7.07), (26,21,10.0), (21,4,10.0), (4,25,10.0), (25,24,15.0), (24,9,26.93), (9,20,11.18), (20,10,16.16), (10,11,11.66), (11,19,7.07), (19,7,11.18), (7,18,10.0), (18,8,10.44), (8,5,13.93), (5,6,10.0), (6,13,7.07), (13,2,9.43), (2,22,12.21), (22,23,11.18), (23,15,25.0), (15,14,15.81), (14,16,11.18), (16,17,11.18)] 
Costo Asociado: 350.13
-+-+-+-+-+-+-+-+-+ Lista TABÚ -+-+-+-+-+-+-+-+-+
Lista Tabu: [(9,1), (14,1), (24,2), (25,2), (18,1), (8,1), (26,3), (15,3), (19,2), (23,2), (5,4), (2,4), (17,3), (2,3), (16,5), (3,5), (16,4), (3,4)]
################################ 38 ####################################
Vértices de la solución: [1, 3, 12, 26, 21, 4, 25, 24, 9, 20, 10, 11, 19, 7, 18, 8, 5, 13, 6, 2, 22, 23, 15, 14, 16, 17]
Aristas de la solución: [(1,3,14.56), (3,12,11.18), (12,26,7.07), (26,21,10.0), (21,4,10.0), (4,25,10.0), (25,24,15.0), (24,9,26.93), (9,20,11.18), (20,10,16.16), (10,11,11.66), (11,19,7.07), (19,7,11.18), (7,18,10.0), (18,8,10.44), (8,5,13.93), (5,13,15.81), (13,6,7.07), (6,2,16.4), (2,22,12.21), (22,23,11.18), (23,15,25.0), (15,14,15.81), (14,16,11.18), (16,17,11.18)] 
Costo Asociado: 362.91
-+-+-+-+-+-+-+-+-+ Lista TABÚ -+-+-+-+-+-+-+-+-+
Lista Tabu: [(24,1), (25,1), (26,2), (15,2), (19,1), (23,1), (5,3), (2,3), (17,2), (2,2), (16,4), (3,4), (16,3), (3,3), (11,5), (13,5), (11,4), (6,4)]
################################ 39 ####################################
Vértices de la solución: [1, 3, 14, 26, 21, 4, 25, 24, 9, 20, 12, 11, 19, 7, 18, 8, 5, 6, 13, 2, 22, 23, 15, 10, 16, 17]
Aristas de la solución: [(1,3,14.56), (3,14,53.15), (14,26,36.06), (26,21,10.0), (21,4,10.0), (4,25,10.0), (25,24,15.0), (24,9,26.93), (9,20,11.18), (20,12,30.41), (12,11,42.43), (11,19,7.07), (19,7,11.18), (7,18,10.0), (18,8,10.44), (8,5,13.93), (5,6,10.0), (6,13,7.07), (13,2,9.43), (2,22,12.21), (22,23,11.18), (23,15,25.0), (15,10,54.0), (10,16,43.83), (16,17,11.18)] 
Costo Asociado: 536.9499999999999
-+-+-+-+-+-+-+-+-+ Lista TABÚ -+-+-+-+-+-+-+-+-+
Lista Tabu: [(26,1), (15,1), (5,2), (2,2), (17,1), (2,1), (16,3), (3,3), (16,2), (3,2), (11,4), (13,4), (11,3), (6,3), (12,5), (10,5), (14,4), (12,4)]
################################ 40 ####################################
Vértices de la solución: [1, 3, 12, 26, 21, 4, 23, 24, 9, 20, 10, 11, 18, 7, 19, 8, 5, 6, 13, 2, 22, 25, 15, 14, 16, 17]
Aristas de la solución: [(1,3,14.56), (3,12,11.18), (12,26,7.07), (26,21,10.0), (21,4,10.0), (4,23,15.0), (23,24,31.62), (24,9,26.93), (9,20,11.18), (20,10,16.16), (10,11,11.66), (11,18,25.0), (18,7,10.0), (7,19,11.18), (19,8,17.72), (8,5,13.93), (5,6,10.0), (6,13,7.07), (13,2,9.43), (2,22,12.21), (22,25,22.36), (25,15,38.08), (15,14,15.81), (14,16,11.18), (16,17,11.18)] 
Costo Asociado: 421.22
-+-+-+-+-+-+-+-+-+ Lista TABÚ -+-+-+-+-+-+-+-+-+
Lista Tabu: [(5,1), (2,1), (16,2), (3,2), (16,1), (3,1), (11,3), (13,3), (11,2), (6,2), (12,4), (10,4), (14,3), (12,3), (19,5), (25,5), (18,4), (23,4)]
################################ 41 ####################################
Vértices de la solución: [1, 3, 12, 7, 21, 4, 25, 24, 20, 9, 10, 11, 19, 26, 18, 8, 5, 6, 13, 2, 22, 23, 15, 14, 16, 17]
Aristas de la solución: [(1,3,14.56), (3,12,11.18), (12,7,33.54), (7,21,39.05), (21,4,10.0), (4,25,10.0), (25,24,15.0), (24,20,36.06), (20,9,11.18), (9,10,25.02), (10,11,11.66), (11,19,7.07), (19,26,42.43), (26,18,26.93), (18,8,10.44), (8,5,13.93), (5,6,10.0), (6,13,7.07), (13,2,9.43), (2,22,12.21), (22,23,11.18), (23,15,25.0), (15,14,15.81), (14,16,11.18), (16,17,11.18)] 
Costo Asociado: 471.82
-+-+-+-+-+-+-+-+-+ Lista TABÚ -+-+-+-+-+-+-+-+-+
Lista Tabu: [(16,1), (3,1), (11,2), (13,2), (11,1), (6,1), (12,3), (10,3), (14,2), (12,2), (19,4), (25,4), (18,3), (23,3), (26,5), (9,5), (7,4), (20,4)]
################################ 42 ####################################
Vértices de la solución: [1, 3, 12, 26, 8, 4, 25, 2, 9, 20, 10, 11, 19, 7, 18, 21, 5, 6, 13, 24, 22, 23, 15, 14, 16, 17]
Aristas de la solución: [(1,3,14.56), (3,12,11.18), (12,26,7.07), (26,8,37.34), (8,4,50.54), (4,25,10.0), (25,2,30.15), (2,9,47.42), (9,20,11.18), (20,10,16.16), (10,11,11.66), (11,19,7.07), (19,7,11.18), (7,18,10.0), (18,21,32.02), (21,5,31.62), (5,6,10.0), (6,13,7.07), (13,24,36.4), (24,22,32.02), (22,23,11.18), (23,15,25.0), (15,14,15.81), (14,16,11.18), (16,17,11.18)] 
